OBJECTID,BUA11,BUASD11,CALNCV,CED,CTRY,DOINTR,DOTERM,ICB,IMD,ITL,LAT,LEP1,LEP2,LONG,LSOA11,LSOA21,MSOA11,MSOA21,NHSER,OA11,OA21,OAC11,OSCTY,OSEAST1M,OSGRDIND,OSHLTHAU,OSLAUA,OSNRTH1M,OSWARD,PARISH,PARK,PCD,PCD2,PCDS,PCON,PFA,RGN,RU11IND,RUC21IND,SICBL,TTWA,USERTYPE,WZ11
"440550",S999,S99999999,S99999999,S99999999,S92000003,"198001",,S99999999,"2922",S30000024,55.1700286865234,S99999999,,-4.58512496948242,S01012419,S01019753,S02002329,S02003658,S99999999,S00129867,S00175776,1A3,S99999999,"235445","1",S08000015,S12000028,"0589241",S13003094,S99999999,S99999999,DG8 6TB,DG8  6TB,DG8 6TB,S14000107,S23000009,S99999999,"7",,S03000003,S22000064,"0",S34002528
"785975",S999,S99999999,S99999999,S99999999,S92000003,"202207",,S99999999,"3627",S30000024,55.3540992736816,S99999999,,-4.67345380783081,S01012423,S01019757,S02002329,S02003658,S99999999,S00129181,S00175727,1A3,S99999999,"230606","1",S08000015,S12000028,"0609930",S13003093,S99999999,S99999999,KA197BU,KA19 7BU,KA19 7BU,S14000107,S23000009,S99999999,"6",,S03000003,S22000051,"0",S34002525
"785997",S999,S99999999,S99999999,S99999999,S92000003,"202109",,S99999999,"3627",S30000024,55.3539505004883,S99999999,,-4.67248106002808,S01012423,S01019757,S02002329,S02003658,S99999999,S00129181,S00175727,1A3,S99999999,"230667","1",S08000015,S12000028,"0609911",S13003093,S99999999,S99999999,KA197EF,KA19 7EF,KA19 7EF,S14000107,S23000009,S99999999,"6",,S03000003,S22000051,"0",S34002525
"785998",S999,S99999999,S99999999,S99999999,S92000003,"202109",,S99999999,"3627",S30000024,55.3537101745605,S99999999,,-4.67390108108521,S01012423,S01019757,S02002329,S02003658,S99999999,S00129181,S00175727,1A3,S99999999,"230576","1",S08000015,S12000028,"0609888",S13003093,S99999999,S99999999,KA197EG,KA19 7EG,KA19 7EG,S14000107,S23000009,S99999999,"6",,S03000003,S22000051,"0",S34002525
"785999",S999,S99999999,S99999999,S99999999,S92000003,"202203",,S99999999,"3627",S30000024,55.352725982666,S99999999,,-4.67295122146606,S01012423,S01019757,S02002329,S02003658,S99999999,S00129181,S00175727,1A3,S99999999,"230632","1",S08000015,S12000028,"0609776",S13003093,S99999999,S99999999,KA197EH,KA19 7EH,KA19 7EH,S14000107,S23000009,S99999999,"6",,S03000003,S22000051,"0",S34002525
"786073",S999,S99999999,S99999999,S99999999,S92000003,"198001",,S99999999,"3627",S30000024,55.3488235473633,S99999999,,-4.66759300231934,S01012423,S01019757,S02002329,S02003658,S99999999,S00129181,S00175727,1A3,S99999999,"230955","1",S08000015,S12000028,"0609329",S13003093,S99999999,S99999999,KA197PD,KA19 7PD,KA19 7PD,S14000107,S23000009,S99999999,"6",,S03000003,S22000051,"0",S34002525
"786074",S999,S99999999,S99999999,S99999999,S92000003,"198001",,S99999999,"3627",S30000024,55.3402976989746,S99999999,,-4.64509677886963,S01012423,S01019757,S02002329,S02003658,S99999999,S00129181,S00175727,1A3,S99999999,"232345","1",S08000015,S12000028,"0608326",S13003093,S99999999,S99999999,KA197PE,KA19 7PE,KA19 7PE,S14000107,S23000009,S99999999,"6",,S03000003,S22000051,"0",S34002525
"786075",S999,S99999999,S99999999,S99999999,S92000003,"198001",,S99999999,"3627",S30000024,55.3490028381348,S99999999,,-4.63830995559692,S01012423,S01019757,S02002329,S02003658,S99999999,S00129181,S00175727,1A3,S99999999,"232812","1",S08000015,S12000028,"0609278",S13003093,S99999999,S99999999,KA197PF,KA19 7PF,KA19 7PF,S14000107,S23000009,S99999999,"6",,S03000003,S22000051,"0",S34002525
"786077",S999,S99999999,S99999999,S99999999,S92000003,"198001",,S99999999,"3627",S30000024,55.3453750610352,S99999999,,-4.61720085144043,S01012423,S01019757,S02002329,S02003658,S99999999,S00129180,S00175755,1A3,S99999999,"234135","1",S08000015,S12000028,"0608824",S13003093,S99999999,S99999999,KA197PH,KA19 7PH,KA19 7PH,S14000107,S23000009,S99999999,"6",,S03000003,S22000051,"0",S34002525
"786083",S999,S99999999,S99999999,S99999999,S92000003,"198001",,S99999999,"3627",S30000024,55.3418884277344,S99999999,,-4.61764907836914,S01012423,S01019757,S02002329,S02003658,S99999999,S00129180,S00175755,1A3,S99999999,"234092","1",S08000015,S12000028,"0608437",S13003093,S99999999,S99999999,KA197PR,KA19 7PR,KA19 7PR,S14000107,S23000009,S99999999,"6",,S03000003,S22000051,"0",S34002525
"786084",S999,S99999999,S99999999,S99999999,S92000003,"198001",,S99999999,"3627",S30000024,55.3359336853027,S99999999,,-4.6157112121582,S01012423,S01019757,S02002329,S02003658,S99999999,S00129180,S00175755,1A3,S99999999,"234190","1",S08000015,S12000028,"0607770",S13003093,S99999999,S99999999,KA197PS,KA19 7PS,KA19 7PS,S14000107,S23000009,S99999999,"6",,S03000003,S22000051,"0",S34002525
"786085",S999,S99999999,S99999999,S99999999,S92000003,"198001",,S99999999,"3627",S30000024,55.3271865844727,S99999999,,-4.64236307144165,S01012423,S01019757,S02002329,S02003658,S99999999,S00129181,S00175727,1A3,S99999999,"232463","1",S08000015,S12000028,"0606861",S13003093,S99999999,S99999999,KA197PT,KA19 7PT,KA19 7PT,S14000107,S23000009,S99999999,"6",,S03000003,S22000051,"0",S34002525
"786086",S999,S99999999,S99999999,S99999999,S92000003,"198001",,S99999999,"3627",S30000024,55.3299331665039,S99999999,,-4.6534252166748,S01012423,S01019757,S02002329,S02003658,S99999999,S00129181,S00175727,1A3,S99999999,"231773","1",S08000015,S12000028,"0607193",S13003093,S99999999,S99999999,KA197PU,KA19 7PU,KA19 7PU,S14000107,S23000009,S99999999,"6",,S03000003,S22000051,"0",S34002525
"786088",S999,S99999999,S99999999,S99999999,S92000003,"198001",,S99999999,"3627",S30000024,55.3318138122559,S99999999,,-4.64498901367188,S01012423,S01019757,S02002329,S02003658,S99999999,S00129181,S00175727,1A3,S99999999,"232316","1",S08000015,S12000028,"0607382",S13003093,S99999999,S99999999,KA197PX,KA19 7PX,KA19 7PX,S14000107,S23000009,S99999999,"6",,S03000003,S22000051,"0",S34002525
"786089",S999,S99999999,S99999999,S99999999,S92000003,"198001",,S99999999,"3627",S30000024,55.3156089782715,S99999999,,-4.65576219558716,S01012423,S01019757,S02002329,S02003658,S99999999,S00129181,S00175727,1A3,S99999999,"231564","1",S08000015,S12000028,"0605605",S13003093,S99999999,S99999999,KA197PY,KA19 7PY,KA19 7PY,S14000107,S23000009,S99999999,"6",,S03000003,S22000051,"0",S34002525
"786090",S999,S99999999,S99999999,S99999999,S92000003,"198001",,S99999999,"3627",S30000024,55.3095588684082,S99999999,,-4.66479778289795,S01012423,S01019757,S02002329,S02003658,S99999999,S00129176,S00175766,1A3,S99999999,"230965","1",S08000015,S12000028,"0604954",S13003093,S99999999,S99999999,KA197PZ,KA19 7PZ,KA19 7PZ,S14000107,S23000009,S99999999,"6",,S03000003,S22000051,"0",S34002565
"786091",S999,S99999999,S99999999,S99999999,S92000003,"198001",,S99999999,"3627",S30000024,55.3261947631836,S99999999,,-4.62124919891357,S01012423,S01019757,S02002329,S02003658,S99999999,S00129180,S00175755,1A3,S99999999,"233798","1",S08000015,S12000028,"0606700",S13003093,S99999999,S99999999,KA197QA,KA19 7QA,KA19 7QA,S14000107,S23000009,S99999999,"6",,S03000003,S22000051,"0",S34002525
"786092",S999,S99999999,S99999999,S99999999,S92000003,"198001",,S99999999,"3627",S30000024,55.317268371582,S99999999,,-4.62220478057861,S01012423,S01019757,S02002329,S02003658,S99999999,S00129176,S00175766,1A3,S99999999,"233700","1",S08000015,S12000028,"0605709",S13003093,S99999999,S99999999,KA197QB,KA19 7QB,KA19 7QB,S14000107,S23000009,S99999999,"6",,S03000003,S22000051,"0",S34002565
"786093",S999,S99999999,S99999999,S99999999,S92000003,"198001",,S99999999,"3627",S30000024,55.3150291442871,S99999999,,-4.62856578826904,S01012423,S01019757,S02002329,S02003658,S99999999,S00129176,S00175766,1A3,S99999999,"233287","1",S08000015,S12000028,"0605475",S13003093,S99999999,S99999999,KA197QD,KA19 7QD,KA19 7QD,S14000107,S23000009,S99999999,"6",,S03000003,S22000051,"0",S34002565
"786094",S999,S99999999,S99999999,S99999999,S92000003,"198001",,S99999999,"3627",S30000024,55.3097877502441,S99999999,,-4.6315598487854,S01012423,S01019757,S02002329,S02003658,S99999999,S00129176,S00175766,1A3,S99999999,"233075","1",S08000015,S12000028,"0604899",S13003093,S99999999,S99999999,KA197QE,KA19 7QE,KA19 7QE,S14000107,S23000009,S99999999,"6",,S03000003,S22000051,"0",S34002565
"786098",S999,S99999999,S99999999,S99999999,S92000003,"198001",,S99999999,"3627",S30000024,55.3120536804199,S99999999,,-4.61883497238159,S01012423,S01019757,S02002329,S02003658,S99999999,S00129176,S00175766,1A3,S99999999,"233892","1",S08000015,S12000028,"0605121",S13003093,S99999999,S99999999,KA197QJ,KA19 7QJ,KA19 7QJ,S14000107,S23000009,S99999999,"6",,S03000003,S22000051,"0",S34002565
"786099",S999,S99999999,S99999999,S99999999,S92000003,"198001",,S99999999,"3627",S30000024,55.3151435852051,S99999999,,-4.61777687072754,S01012423,S01019757,S02002329,S02003658,S99999999,S00129176,S00175766,1A3,S99999999,"233972","1",S08000015,S12000028,"0605462",S13003093,S99999999,S99999999,KA197QL,KA19 7QL,KA19 7QL,S14000107,S23000009,S99999999,"6",,S03000003,S22000051,"0",S34002565
"786100",S999,S99999999,S99999999,S99999999,S92000003,"198001",,S99999999,"3627",S30000024,55.3152275085449,S99999999,,-4.61004400253296,S01012423,S01019757,S02002329,S02003658,S99999999,S00129176,S00175766,1A3,S99999999,"234463","1",S08000015,S12000028,"0605453",S13003093,S99999999,S99999999,KA197QN,KA19 7QN,KA19 7QN,S14000107,S23000009,S99999999,"6",,S03000003,S22000051,"0",S34002565
"786101",S999,S99999999,S99999999,S99999999,S92000003,"198001",,S99999999,"3627",S30000024,55.3139419555664,S99999999,,-4.58772087097168,S01012423,S01019757,S02002329,S02003658,S99999999,S00129176,S00175766,1A3,S99999999,"235874","1",S08000015,S12000028,"0605257",S13003093,S99999999,S99999999,KA197QP,KA19 7QP,KA19 7QP,S14000107,S23000009,S99999999,"6",,S03000003,S22000051,"0",S34002565
"786102",S999,S99999999,S99999999,S99999999,S92000003,"198001",,S99999999,"3627",S30000024,55.2909965515137,S99999999,,-4.62990713119507,S01012423,S01019757,S02002329,S02003658,S99999999,S00129176,S00175766,1A3,S99999999,"233101","1",S08000015,S12000028,"0602805",S13003094,S99999999,S99999999,KA197QQ,KA19 7QQ,KA19 7QQ,S14000107,S23000009,S99999999,"6",,S03000003,S22000051,"0",S34002565
"786105",S999,S99999999,S99999999,S99999999,S92000003,"198001",,S99999999,"3627",S30000024,55.3179779052734,S99999999,,-4.59997892379761,S01012423,S01019757,S02002329,S02003658,S99999999,S00129176,S00175766,1A3,S99999999,"235113","1",S08000015,S12000028,"0605735",S13003093,S99999999,S99999999,KA197QT,KA19 7QT,KA19 7QT,S14000107,S23000009,S99999999,"6",,S03000003,S22000051,"0",S34002565
"786106",S999,S99999999,S99999999,S99999999,S92000003,"198001",,S99999999,"3627",S30000024,55.3301658630371,S99999999,,-4.59875917434692,S01012423,S01019757,S02002329,S02003658,S99999999,S00129176,S00175766,1A3,S99999999,"235241","1",S08000015,S12000028,"0607088",S13003093,S99999999,S99999999,KA197QU,KA19 7QU,KA19 7QU,S14000107,S23000009,S99999999,"6",,S03000003,S22000051,"0",S34002565
"786107",S999,S99999999,S99999999,S99999999,S92000003,"198001",,S99999999,"3627",S30000024,55.3110885620117,S99999999,,-4.60097789764404,S01012423,S01019757,S02002329,S02003658,S99999999,S00129176,S00175766,1A3,S99999999,"235021","1",S08000015,S12000028,"0604971",S13003093,S99999999,S99999999,KA197QW,KA19 7QW,KA19 7QW,S14000107,S23000009,S99999999,"6",,S03000003,S22000051,"0",S34002565
"786108",S999,S99999999,S99999999,S99999999,S92000003,"198001",,S99999999,"3627",S30000024,55.3383483886719,S99999999,,-4.60323810577393,S01012423,S01019757,S02002329,S02003658,S99999999,S00129180,S00175755,1A3,S99999999,"234991","1",S08000015,S12000028,"0608009",S13003093,S99999999,S99999999,KA197QX,KA19 7QX,KA19 7QX,S14000107,S23000009,S99999999,"6",,S03000003,S22000051,"0",S34002525
"786110",S999,S99999999,S99999999,S99999999,S92000003,"200908",,S99999999,"3627",S30000024,55.3261108398438,S99999999,,-4.64058923721313,S01012423,S01019757,S02002329,S02003658,S99999999,S00129181,S00175768,1A3,S99999999,"232571","1",S08000015,S12000028,"0606737",S13003093,S99999999,S99999999,KA197RB,KA19 7RB,KA19 7RB,S14000107,S23000009,S99999999,"6",,S03000003,S22000051,"0",S34002525
"786111",S999,S99999999,S99999999,S99999999,S92000003,"198001",,S99999999,"3627",S30000024,55.3258666992188,S99999999,,-4.64232206344604,S01012423,S01019757,S02002329,S02003658,S99999999,S00129968,S00175768,1B1,S99999999,"232460","1",S08000015,S12000028,"0606714",S13003093,S99999999,S99999999,KA197RE,KA19 7RE,KA19 7RE,S14000107,S23000009,S99999999,"6",,S03000003,S22000051,"0",S34002525
"786112",S999,S99999999,S99999999,S99999999,S92000003,"198001",,S99999999,"3627",S30000024,55.3250961303711,S99999999,,-4.64007997512817,S01012423,S01019757,S02002329,S02003658,S99999999,S00129967,S00175768,7C1,S99999999,"232599","1",S08000015,S12000028,"0606623",S13003093,S99999999,S99999999,KA197RF,KA19 7RF,KA19 7RF,S14000107,S23000009,S99999999,"6",,S03000003,S22000051,"0",S34002525
"786113",S999,S99999999,S99999999,S99999999,S92000003,"198001",,S99999999,"3627",S30000024,55.3256454467773,S99999999,,-4.63939094543457,S01012423,S01019757,S02002329,S02003658,S99999999,S00129968,S00175768,1B1,S99999999,"232645","1",S08000015,S12000028,"0606682",S13003093,S99999999,S99999999,KA197RG,KA19 7RG,KA19 7RG,S14000107,S23000009,S99999999,"6",,S03000003,S22000051,"0",S34002525
"786114",S999,S99999999,S99999999,S99999999,S92000003,"198001",,S99999999,"3627",S30000024,55.3259162902832,S99999999,,-4.63751697540283,S01012423,S01019757,S02002329,S02003658,S99999999,S00129936,S00175769,8C2,S99999999,"232765","1",S08000015,S12000028,"0606708",S13003093,S99999999,S99999999,KA197RH,KA19 7RH,KA19 7RH,S14000107,S23000009,S99999999,"6",,S03000003,S22000051,"0",S34002525
"786115",S999,S99999999,S99999999,S99999999,S92000003,"198001",,S99999999,"3627",S30000024,55.3249778747559,S99999999,,-4.63687086105347,S01012423,S01019757,S02002329,S02003658,S99999999,S00129937,S00175770,8A2,S99999999,"232802","1",S08000015,S12000028,"0606602",S13003093,S99999999,S99999999,KA197RJ,KA19 7RJ,KA19 7RJ,S14000107,S23000009,S99999999,"6",,S03000003,S22000051,"0",S34002525
"786116",S999,S99999999,S99999999,S99999999,S92000003,"198001",,S99999999,"3627",S30000024,55.3238410949707,S99999999,,-4.63712692260742,S01012423,S01019757,S02002329,S02003658,S99999999,S00129175,S00175772,1B1,S99999999,"232781","1",S08000015,S12000028,"0606476",S13003093,S99999999,S99999999,KA197RL,KA19 7RL,KA19 7RL,S14000107,S23000009,S99999999,"6",,S03000003,S22000051,"0",S34002525
"786117",S999,S99999999,S99999999,S99999999,S92000003,"198001",,S99999999,"3627",S30000024,55.3233833312988,S99999999,,-4.63826322555542,S01012423,S01019757,S02002329,S02003658,S99999999,S00129175,S00175772,1B1,S99999999,"232707","1",S08000015,S12000028,"0606428",S13003093,S99999999,S99999999,KA197RN,KA19 7RN,KA19 7RN,S14000107,S23000009,S99999999,"6",,S03000003,S22000051,"0",S34002525
"786118",S999,S99999999,S99999999,S99999999,S92000003,"198001",,S99999999,"3627",S30000024,55.3251724243164,S99999999,,-4.63827180862427,S01012423,S01019757,S02002329,S02003658,S99999999,S00129967,S00175768,7C1,S99999999,"232714","1",S08000015,S12000028,"0606627",S13003093,S99999999,S99999999,KA197RQ,KA19 7RQ,KA19 7RQ,S14000107,S23000009,S99999999,"6",,S03000003,S22000051,"0",S34002525
"786119",S999,S99999999,S99999999,S99999999,S92000003,"198001",,S99999999,"3627",S30000024,55.3239860534668,S99999999,,-4.64208698272705,S01012423,S01019757,S02002329,S02003658,S99999999,S00129968,S00175768,1B1,S99999999,"232467","1",S08000015,S12000028,"0606504",S13003093,S99999999,S99999999,KA197RW,KA19 7RW,KA19 7RW,S14000107,S23000009,S99999999,"6",,S03000003,S22000051,"0",S34002525
"786120",S999,S99999999,S99999999,S99999999,S92000003,"198001",,S99999999,"3627",S30000024,55.3454093933105,S99999999,,-4.68555021286011,S01012423,S01019757,S02002329,S02003658,S99999999,S00129181,S00175727,1A3,S99999999,"229802","1",S08000015,S12000028,"0608993",S13003093,S99999999,S99999999,KA197SA,KA19 7SA,KA19 7SA,S14000107,S23000009,S99999999,"6",,S03000003,S22000051,"0",S34002525
"786121",S999,S99999999,S99999999,S99999999,S92000003,"198001",,S99999999,"3627",S30000024,55.3430061340332,S99999999,,-4.67959880828857,S01012423,S01019757,S02002329,S02003658,S99999999,S00129181,S00175727,1A3,S99999999,"230169","1",S08000015,S12000028,"0608711",S13003093,S99999999,S99999999,KA197SB,KA19 7SB,KA19 7SB,S14000107,S23000009,S99999999,"6",,S03000003,S22000051,"0",S34002525
"786122",S999,S99999999,S99999999,S99999999,S92000003,"198001",,S99999999,"3627",S30000024,55.3166542053223,S99999999,,-4.6638708114624,S01012423,S01019757,S02002329,S02003658,S99999999,S00129181,S00175727,1A3,S99999999,"231054","1",S08000015,S12000028,"0605741",S13003093,S99999999,S99999999,KA197SD,KA19 7SD,KA19 7SD,S14000107,S23000009,S99999999,"6",,S03000003,S22000051,"0",S34002525
"786123",S999,S99999999,S99999999,S99999999,S92000003,"198001",,S99999999,"3627",S30000024,55.303092956543,S99999999,,-4.68016815185547,S01012423,S01019757,S02002329,S02003658,S99999999,S00129176,S00175766,1A3,S99999999,"229962","1",S08000015,S12000028,"0604272",S13003093,S99999999,S99999999,KA197SE,KA19 7SE,KA19 7SE,S14000107,S23000009,S99999999,"6",,S03000003,S22000051,"0",S34002565
"786124",S999,S99999999,S99999999,S99999999,S92000003,"198001",,S99999999,"3627",S30000024,55.3026008605957,S99999999,,-4.66571712493896,S01012423,S01019757,S02002329,S02003658,S99999999,S00129176,S00175766,1A3,S99999999,"230877","1",S08000015,S12000028,"0604182",S13003093,S99999999,S99999999,KA197SF,KA19 7SF,KA19 7SF,S14000107,S23000009,S99999999,"6",,S03000003,S22000051,"0",S34002565
"786125",S999,S99999999,S99999999,S99999999,S92000003,"198001",,S99999999,"3627",S30000024,55.2965850830078,S99999999,,-4.66249418258667,S01012423,S01019757,S02002329,S02003658,S99999999,S00129176,S00175766,1A3,S99999999,"231056","1",S08000015,S12000028,"0603505",S13003094,S99999999,S99999999,KA197SG,KA19 7SG,KA19 7SG,S14000107,S23000009,S99999999,"6",,S03000003,S22000051,"0",S34002565
"786126",S999,S99999999,S99999999,S99999999,S92000003,"198001",,S99999999,"3627",S30000024,55.3090324401855,S99999999,,-4.65432977676392,S01012423,S01019757,S02002329,S02003658,S99999999,S00129176,S00175766,1A3,S99999999,"231627","1",S08000015,S12000028,"0604870",S13003093,S99999999,S99999999,KA197SH,KA19 7SH,KA19 7SH,S14000107,S23000009,S99999999,"6",,S03000003,S22000051,"0",S34002565
"786127",S999,S99999999,S99999999,S99999999,S92000003,"198001",,S99999999,"3627",S30000024,55.2912635803223,S99999999,,-4.67272281646729,S01012423,S01019757,S02002329,S02003658,S99999999,S00129176,S00175766,1A3,S99999999,"230384","1",S08000015,S12000028,"0602938",S13003094,S99999999,S99999999,KA197SJ,KA19 7SJ,KA19 7SJ,S14000107,S23000009,S99999999,"6",,S03000003,S22000051,"0",S34002565
"786128",S999,S99999999,S99999999,S99999999,S92000003,"198001",,S99999999,"3627",S30000024,55.2889709472656,S99999999,,-4.68992710113525,S01012423,S01019757,S02002329,S02003658,S99999999,S00129176,S00175766,1A3,S99999999,"229282","1",S08000015,S12000028,"0602725",S13003094,S99999999,S99999999,KA197SL,KA19 7SL,KA19 7SL,S14000107,S23000009,S99999999,"6",,S03000003,S22000051,"0",S34002565
"786130",S999,S99999999,S99999999,S99999999,S92000003,"198001",,S99999999,"3627",S30000024,55.3043174743652,S99999999,,-4.65704011917114,S01012423,S01019757,S02002329,S02003658,S99999999,S00129176,S00175766,1A3,S99999999,"231435","1",S08000015,S12000028,"0604352",S13003093,S99999999,S99999999,KA197SQ,KA19 7SQ,KA19 7SQ,S14000107,S23000009,S99999999,"6",,S03000003,S22000051,"0",S34002565
"786184",S999,S99999999,S99999999,S99999999,S92000003,"198001",,S99999999,"2885",S30000024,55.3459091186523,S99999999,,-4.74199199676514,S01012422,S01019756,S02002329,S02003658,S99999999,S00129184,S00175745,1A3,S99999999,"226226","1",S08000015,S12000028,"0609188",S13003094,S99999999,S99999999,KA198DX,KA19 8DX,KA19 8DX,S14000107,S23000009,S99999999,"7",,S03000003,S22000064,"0",S34002525
"786211",S999,S99999999,S99999999,S99999999,S92000003,"200610",,S99999999,"2346",S30000024,55.3208465576172,S99999999,,-4.7650899887085,S01012421,S01019755,S02002329,S02003658,S99999999,S00129186,S00175759,1B3,S99999999,"224651","1",S08000015,S12000028,"0606458",S13003094,S99999999,S99999999,KA198HE,KA19 8HE,KA19 8HE,S14000107,S23000009,S99999999,"6",,S03000003,S22000064,"0",S34002559
"786214",S999,S99999999,S99999999,S99999999,S92000003,"198001",,S99999999,"2885",S30000024,55.3337707519531,S99999999,,-4.74172115325928,S01012422,S01019756,S02002329,S02003658,S99999999,S00129184,S00175745,1A3,S99999999,"226190","1",S08000015,S12000028,"0607837",S13003094,S99999999,S99999999,KA198HH,KA19 8HH,KA19 8HH,S14000107,S23000009,S99999999,"7",,S03000003,S22000064,"0",S34002525
"786215",S999,S99999999,S99999999,S99999999,S92000003,"198001",,S99999999,"2885",S30000024,55.3397521972656,S99999999,,-4.76541423797607,S01012422,S01019756,S02002329,S02003658,S99999999,S00129184,S00175745,1A3,S99999999,"224714","1",S08000015,S12000028,"0608562",S13003094,S99999999,S99999999,KA198HJ,KA19 8HJ,KA19 8HJ,S14000107,S23000009,S99999999,"7",,S03000003,S22000064,"0",S34002525
"786216",S999,S99999999,S99999999,S99999999,S92000003,"198001",,S99999999,"2885",S30000024,55.3395233154297,S99999999,,-4.75008392333984,S01012422,S01019756,S02002329,S02003658,S99999999,S00129184,S00175745,1A3,S99999999,"225685","1",S08000015,S12000028,"0608498",S13003094,S99999999,S99999999,KA198HL,KA19 8HL,KA19 8HL,S14000107,S23000009,S99999999,"7",,S03000003,S22000064,"0",S34002525
"786217",S999,S99999999,S99999999,S99999999,S92000003,"198001",,S99999999,"2885",S30000024,55.3411178588867,S99999999,,-4.74082517623901,S01012422,S01019756,S02002329,S02003658,S99999999,S00129184,S00175745,1A3,S99999999,"226279","1",S08000015,S12000028,"0608652",S13003094,S99999999,S99999999,KA198HN,KA19 8HN,KA19 8HN,S14000107,S23000009,S99999999,"7",,S03000003,S22000064,"0",S34002525
"786218",S999,S99999999,S99999999,S99999999,S92000003,"198001",,S99999999,"2885",S30000024,55.3266258239746,S99999999,,-4.76197719573975,S01012422,S01019756,S02002329,S02003658,S99999999,S00129184,S00175745,1A3,S99999999,"224874","1",S08000015,S12000028,"0607093",S13003094,S99999999,S99999999,KA198HP,KA19 8HP,KA19 8HP,S14000107,S23000009,S99999999,"7",,S03000003,S22000064,"0",S34002525
"786219",S999,S99999999,S99999999,S99999999,S92000003,"198001",,S99999999,"2885",S30000024,55.3415718078613,S99999999,,-4.71322298049927,S01012422,S01019756,S02002329,S02003658,S99999999,S00129184,S00175745,1A3,S99999999,"228031","1",S08000015,S12000028,"0608634",S13003094,S99999999,S99999999,KA198HQ,KA19 8HQ,KA19 8HQ,S14000107,S23000009,S99999999,"7",,S03000003,S22000064,"0",S34002525
"786220",S999,S99999999,S99999999,S99999999,S92000003,"198001",,S99999999,"2346",S30000024,55.3156127929688,S99999999,,-4.75656080245972,S01012421,S01019755,S02002329,S02003658,S99999999,S00129186,S00175759,1B3,S99999999,"225169","1",S08000015,S12000028,"0605854",S13003094,S99999999,S99999999,KA198HR,KA19 8HR,KA19 8HR,S14000107,S23000009,S99999999,"6",,S03000003,S22000064,"0",S34002559
"786221",S999,S99999999,S99999999,S99999999,S92000003,"199405",,S99999999,"2346",S30000024,55.3321952819824,S99999999,,-4.77160501480103,S01012421,S01019755,S02002329,S02003658,S99999999,S00129186,S00175759,1B3,S99999999,"224288","1",S08000015,S12000028,"0607737",S13003094,S99999999,S99999999,KA198HS,KA19 8HS,KA19 8HS,S14000107,S23000009,S99999999,"6",,S03000003,S22000064,"0",S34002559
"786222",S999,S99999999,S99999999,S99999999,S92000003,"198001",,S99999999,"2346",S30000024,55.3164329528809,S99999999,,-4.76637506484985,S01012421,S01019755,S02002329,S02003658,S99999999,S00129186,S00175759,1B3,S99999999,"224550","1",S08000015,S12000028,"0605970",S13003094,S99999999,S99999999,KA198HT,KA19 8HT,KA19 8HT,S14000107,S23000009,S99999999,"6",,S03000003,S22000064,"0",S34002559
"786223",S999,S99999999,S99999999,S99999999,S92000003,"198001",,S99999999,"2346",S30000024,55.3237037658691,S99999999,,-4.78378295898438,S01012421,S01019755,S02002329,S02003658,S99999999,S00129186,S00175759,1B3,S99999999,"223478","1",S08000015,S12000028,"0606823",S13003094,S99999999,S99999999,KA198HU,KA19 8HU,KA19 8HU,S14000107,S23000009,S99999999,"6",,S03000003,S22000064,"0",S34002559
"786224",S999,S99999999,S99999999,S99999999,S92000003,"198001",,S99999999,"2346",S30000024,55.328426361084,S99999999,,-4.78687286376953,S01012421,S01019755,S02002329,S02003658,S99999999,S00129186,S00175759,1B3,S99999999,"223303","1",S08000015,S12000028,"0607356",S13003094,S99999999,S99999999,KA198HX,KA19 8HX,KA19 8HX,S14000107,S23000009,S99999999,"6",,S03000003,S22000064,"0",S34002559
"786225",S999,S99999999,S99999999,S99999999,S92000003,"198001",,S99999999,"2885",S30000024,55.3303413391113,S99999999,,-4.77489709854126,S01012422,S01019756,S02002329,S02003658,S99999999,S00129861,S00175764,8C1,S99999999,"224071","1",S08000015,S12000028,"0607539",S13003094,S99999999,S99999999,KA198HY,KA19 8HY,KA19 8HY,S14000107,S23000009,S99999999,"6",,S03000003,S22000064,"0",S34002559
"786226",S999,S99999999,S99999999,S99999999,S92000003,"198001",,S99999999,"2346",S30000024,55.3286437988281,S99999999,,-4.77689218521118,S01012421,S01019755,S02002329,S02003658,S99999999,S00129186,S00175759,1B3,S99999999,"223937","1",S08000015,S12000028,"0607355",S13003094,S99999999,S99999999,KA198HZ,KA19 8HZ,KA19 8HZ,S14000107,S23000009,S99999999,"6",,S03000003,S22000064,"0",S34002559
"786227",S999,S99999999,S99999999,S99999999,S92000003,"198001",,S99999999,"2346",S30000024,55.3303337097168,S99999999,,-4.77803516387939,S01012421,S01019755,S02002329,S02003658,S99999999,S00129186,S00175759,1B3,S99999999,"223872","1",S08000015,S12000028,"0607546",S13003094,S99999999,S99999999,KA198JB,KA19 8JB,KA19 8JB,S14000107,S23000009,S99999999,"6",,S03000003,S22000064,"0",S34002559
"786228",S999,S99999999,S99999999,S99999999,S92000003,"198001",,S99999999,"2885",S30000024,55.3311920166016,S99999999,,-4.77267122268677,S01012422,S01019756,S02002329,S02003658,S99999999,S00129861,S00175764,8C1,S99999999,"224216","1",S08000015,S12000028,"0607628",S13003094,S99999999,S99999999,KA198JD,KA19 8JD,KA19 8JD,S14000107,S23000009,S99999999,"6",,S03000003,S22000064,"0",S34002559
"786229",S999,S99999999,S99999999,S99999999,S92000003,"198001",,S99999999,"2346",S30000024,55.3322715759277,S99999999,,-4.77023887634277,S01012421,S01019755,S02002329,S02003658,S99999999,S00129186,S00175759,1B3,S99999999,"224375","1",S08000015,S12000028,"0607742",S13003094,S99999999,S99999999,KA198JE,KA19 8JE,KA19 8JE,S14000107,S23000009,S99999999,"6",,S03000003,S22000064,"0",S34002559
"786230",S999,S99999999,S99999999,S99999999,S92000003,"198001",,S99999999,"2346",S30000024,55.3315582275391,S99999999,,-4.77242803573608,S01012421,S01019755,S02002329,S02003658,S99999999,S00129185,S00175765,8C2,S99999999,"224233","1",S08000015,S12000028,"0607668",S13003094,S99999999,S99999999,KA198JF,KA19 8JF,KA19 8JF,S14000107,S23000009,S99999999,"6",,S03000003,S22000064,"0",S34002559
"786231",S999,S99999999,S99999999,S99999999,S92000003,"198001",,S99999999,"2346",S30000024,55.332462310791,S99999999,,-4.77138710021973,S01012421,S01019755,S02002329,S02003658,S99999999,S00129186,S00175759,1B3,S99999999,"224303","1",S08000015,S12000028,"0607766",S13003094,S99999999,S99999999,KA198JG,KA19 8JG,KA19 8JG,S14000107,S23000009,S99999999,"6",,S03000003,S22000064,"0",S34002559
"786232",S999,S99999999,S99999999,S99999999,S92000003,"198001",,S99999999,"2885",S30000024,55.3466491699219,S99999999,,-4.77088022232056,S01012422,S01019756,S02002329,S02003658,S99999999,S00129187,S00175710,1A3,S99999999,"224398","1",S08000015,S12000028,"0609343",S13003094,S99999999,S99999999,KA198JH,KA19 8JH,KA19 8JH,S14000107,S23000009,S99999999,"6",,S03000003,S22000064,"0",S34002559
"786233",S999,S99999999,S99999999,S99999999,S92000003,"198001",,S99999999,"2885",S30000024,55.3519477844238,S99999999,,-4.77036619186401,S01012422,S01019756,S02002329,S02003658,S99999999,S00129187,S00175710,1A3,S99999999,"224454","1",S08000015,S12000028,"0609931",S13003094,S99999999,S99999999,KA198JJ,KA19 8JJ,KA19 8JJ,S14000107,S23000009,S99999999,"6",,S03000003,S22000064,"0",S34002559
"786234",S999,S99999999,S99999999,S99999999,S92000003,"198001",,S99999999,"2885",S30000024,55.3575973510742,S99999999,,-4.75951099395752,S01012422,S01019756,S02002329,S02003658,S99999999,S00129187,S00175710,1A3,S99999999,"225167","1",S08000015,S12000028,"0610532",S13003094,S99999999,S99999999,KA198JL,KA19 8JL,KA19 8JL,S14000107,S23000009,S99999999,"6",,S03000003,S22000064,"0",S34002559
"786235",S999,S99999999,S99999999,S99999999,S92000003,"198001",,S99999999,"2885",S30000024,55.3612060546875,S99999999,,-4.74052476882935,S01012422,S01019756,S02002329,S02003658,S99999999,S00129187,S00175710,1A3,S99999999,"226386","1",S08000015,S12000028,"0610886",S13003093,S99999999,S99999999,KA198JN,KA19 8JN,KA19 8JN,S14000107,S23000009,S99999999,"6",,S03000003,S22000064,"0",S34002559
"786237",S999,S99999999,S99999999,S99999999,S92000003,"198001",,S99999999,"2346",S30000024,55.3346176147461,S99999999,,-4.77669382095337,S01012421,S01019755,S02002329,S02003658,S99999999,S00129186,S00175759,1B3,S99999999,"223976","1",S08000015,S12000028,"0608019",S13003094,S99999999,S99999999,KA198JQ,KA19 8JQ,KA19 8JQ,S14000107,S23000009,S99999999,"6",,S03000003,S22000064,"0",S34002559
"786241",S999,S99999999,S99999999,S99999999,S92000003,"198001",,S99999999,"2885",S30000024,55.3633155822754,S99999999,,-4.76252794265747,S01012422,S01019756,S02002329,S02003658,S99999999,S00129187,S00175710,1A3,S99999999,"225001","1",S08000015,S12000028,"0611176",S13003094,S99999999,S99999999,KA198JU,KA19 8JU,KA19 8JU,S14000107,S23000009,S99999999,"6",,S03000003,S22000064,"0",S34002559
"786242",S999,S99999999,S99999999,S99999999,S92000003,"198001",,S99999999,"2885",S30000024,55.3606605529785,S99999999,,-4.73084592819214,S01012422,S01019756,S02002329,S02003658,S99999999,S00129187,S00175710,1A3,S99999999,"226997","1",S08000015,S12000028,"0610801",S13003093,S99999999,S99999999,KA198JW,KA19 8JW,KA19 8JW,S14000107,S23000009,S99999999,"6",,S03000003,S22000064,"0",S34002559
"786243",S999,S99999999,S99999999,S99999999,S92000003,"198001",,S99999999,"2885",S30000024,55.355037689209,S99999999,,-4.78385210037231,S01012422,S01019756,S02002329,S02003658,S99999999,S00129187,S00175710,1A3,S99999999,"223613","1",S08000015,S12000028,"0610309",S13003094,S99999999,S99999999,KA198JX,KA19 8JX,KA19 8JX,S14000107,S23000009,S99999999,"6",,S03000003,S22000064,"0",S34002559
"786244",S999,S99999999,S99999999,S99999999,S92000003,"198001",,S99999999,"2885",S30000024,55.3464126586914,S99999999,,-4.80260181427002,S01012422,S01019756,S02002329,S02003658,S99999999,S00129187,S00175710,1A3,S99999999,"222386","1",S08000015,S12000028,"0609397",S13003094,S99999999,S99999999,KA198JY,KA19 8JY,KA19 8JY,S14000107,S23000009,S99999999,"6",,S03000003,S22000064,"0",S34002559
"786245",S999,S99999999,S99999999,S99999999,S92000003,"198001",,S99999999,"2885",S30000024,55.3429222106934,S99999999,,-4.80806589126587,S01012422,S01019756,S02002329,S02003658,S99999999,S00129187,S00175710,1A3,S99999999,"222024","1",S08000015,S12000028,"0609023",S13003094,S99999999,S99999999,KA198JZ,KA19 8JZ,KA19 8JZ,S14000107,S23000009,S99999999,"6",,S03000003,S22000064,"0",S34002559
"786246",S999,S99999999,S99999999,S99999999,S92000003,"198001",,S99999999,"2885",S30000024,55.3398628234863,S99999999,,-4.79382705688477,S01012422,S01019756,S02002329,S02003658,S99999999,S00129187,S00175710,1A3,S99999999,"222913","1",S08000015,S12000028,"0608646",S13003094,S99999999,S99999999,KA198LA,KA19 8LA,KA19 8LA,S14000107,S23000009,S99999999,"6",,S03000003,S22000064,"0",S34002559
"786247",S999,S99999999,S99999999,S99999999,S92000003,"198001",,S99999999,"2885",S30000024,55.3386688232422,S99999999,,-4.79095220565796,S01012422,S01019756,S02002329,S02003658,S99999999,S00129187,S00175710,1A3,S99999999,"223090","1",S08000015,S12000028,"0608506",S13003094,S99999999,S99999999,KA198LB,KA19 8LB,KA19 8LB,S14000107,S23000009,S99999999,"6",,S03000003,S22000064,"0",S34002559
"786248",S999,S99999999,S99999999,S99999999,S92000003,"198001",,S99999999,"2885",S30000024,55.3497619628906,S99999999,,-4.77633476257324,S01012422,S01019756,S02002329,S02003658,S99999999,S00129187,S00175710,1A3,S99999999,"224066","1",S08000015,S12000028,"0609703",S13003094,S99999999,S99999999,KA198LD,KA19 8LD,KA19 8LD,S14000107,S23000009,S99999999,"6",,S03000003,S22000064,"0",S34002559
"786249",S999,S99999999,S99999999,S99999999,S92000003,"198001",,S99999999,"2885",S30000024,55.3546981811523,S99999999,,-4.78930282592773,S01012422,S01019756,S02002329,S02003658,S99999999,S00129187,S00175710,1A3,S99999999,"223266","1",S08000015,S12000028,"0610285",S13003094,S99999999,S99999999,KA198LE,KA19 8LE,KA19 8LE,S14000107,S23000009,S99999999,"6",,S03000003,S22000064,"1",S34002559
"786250",S999,S99999999,S99999999,S99999999,S92000003,"198001",,S99999999,"2885",S30000024,55.3384971618652,S99999999,,-4.6875581741333,S01012422,S01019756,S02002329,S02003658,S99999999,S00129184,S00175745,1A3,S99999999,"229645","1",S08000015,S12000028,"0608229",S13003093,S99999999,S99999999,KA198LJ,KA19 8LJ,KA19 8LJ,S14000107,S23000009,S99999999,"7",,S03000003,S22000064,"0",S34002525
"786251",S999,S99999999,S99999999,S99999999,S92000003,"198001",,S99999999,"2885",S30000024,55.3271141052246,S99999999,,-4.68984603881836,S01012422,S01019756,S02002329,S02003658,S99999999,S00129184,S00175745,1A3,S99999999,"229451","1",S08000015,S12000028,"0606968",S13003093,S99999999,S99999999,KA198LL,KA19 8LL,KA19 8LL,S14000107,S23000009,S99999999,"7",,S03000003,S22000064,"0",S34002525
"786252",S999,S99999999,S99999999,S99999999,S92000003,"198001",,S99999999,"2885",S30000024,55.3169250488281,S99999999,,-4.7184591293335,S01012422,S01019756,S02002329,S02003658,S99999999,S00129184,S00175745,1A3,S99999999,"227592","1",S08000015,S12000028,"0605905",S13003093,S99999999,S99999999,KA198LN,KA19 8LN,KA19 8LN,S14000107,S23000009,S99999999,"7",,S03000003,S22000064,"0",S34002525
"786253",S999,S99999999,S99999999,S99999999,S92000003,"198001",,S99999999,"2885",S30000024,55.3309059143066,S99999999,,-4.67066097259521,S01012422,S01019756,S02002329,S02003658,S99999999,S00129184,S00175745,1A3,S99999999,"230684","1",S08000015,S12000028,"0607343",S13003093,S99999999,S99999999,KA198LP,KA19 8LP,KA19 8LP,S14000107,S23000009,S99999999,"7",,S03000003,S22000064,"0",S34002525
"786254",S999,S99999999,S99999999,S99999999,S92000003,"198001",,S99999999,"2885",S30000024,55.3129768371582,S99999999,,-4.67590188980103,S01012422,S01019756,S02002329,S02003658,S99999999,S00129184,S00175745,1A3,S99999999,"230275","1",S08000015,S12000028,"0605361",S13003093,S99999999,S99999999,KA198LR,KA19 8LR,KA19 8LR,S14000107,S23000009,S99999999,"7",,S03000003,S22000064,"0",S34002525
"786255",S999,S99999999,S99999999,S99999999,S92000003,"198001",,S99999999,"2885",S30000024,55.3031349182129,S99999999,,-4.68841218948364,S01012422,S01019756,S02002329,S02003658,S99999999,S00129184,S00175745,1A3,S99999999,"229439","1",S08000015,S12000028,"0604297",S13003093,S99999999,S99999999,KA198LS,KA19 8LS,KA19 8LS,S14000107,S23000009,S99999999,"7",,S03000003,S22000064,"0",S34002525
"786256",S999,S99999999,S99999999,S99999999,S92000003,"198001",,S99999999,"2885",S30000024,55.2919998168945,S99999999,,-4.71238994598389,S01012422,S01019756,S02002329,S02003658,S99999999,S00129184,S00175745,1A3,S99999999,"227869","1",S08000015,S12000028,"0603117",S13003094,S99999999,S99999999,KA198LU,KA19 8LU,KA19 8LU,S14000107,S23000009,S99999999,"7",,S03000003,S22000064,"0",S34002525
"786257",S999,S99999999,S99999999,S99999999,S92000003,"198001",,S99999999,"2885",S30000024,55.3213768005371,S99999999,,-4.6829309463501,S01012422,S01019756,S02002329,S02003658,S99999999,S00129184,S00175745,1A3,S99999999,"229865","1",S08000015,S12000028,"0606313",S13003093,S99999999,S99999999,KA198LW,KA19 8LW,KA19 8LW,S14000107,S23000009,S99999999,"7",,S03000003,S22000064,"0",S34002525
"786258",S999,S99999999,S99999999,S99999999,S92000003,"198001",,S99999999,"2885",S30000024,55.2978134155273,S99999999,,-4.7314248085022,S01012422,S01019756,S02002329,S02003658,S99999999,S00129184,S00175745,1A3,S99999999,"226686","1",S08000015,S12000028,"0603811",S13003094,S99999999,S99999999,KA198LX,KA19 8LX,KA19 8LX,S14000107,S23000009,S99999999,"7",,S03000003,S22000064,"0",S34002525
"788091",S999,S99999999,S99999999,S99999999,S92000003,"201612",,S99999999,"2712",S30000024,55.1342582702637,S99999999,,-4.90285205841064,S01012418,S01019752,S02002329,S02003658,S99999999,S00129208,S00175850,1C1,S99999999,"215048","1",S08000015,S12000028,"0586058",S13003094,S99999999,S99999999,KA260AF,KA26 0AF,KA26 0AF,S14000107,S23000009,S99999999,"7",,S03000003,S22000064,"0",S34002617
"788159",S999,S99999999,S99999999,S99999999,S92000003,"198001",,S99999999,"2922",S30000024,55.2158851623535,S99999999,,-4.8452410697937,S01012419,S01019753,S02002329,S02003658,S99999999,S00129203,S00175845,1A3,S99999999,"219090","1",S08000015,S12000028,"0594987",S13003094,S99999999,S99999999,KA260HJ,KA26 0HJ,KA26 0HJ,S14000107,S23000009,S99999999,"7",,S03000003,S22000064,"0",S34002606
"788160",S999,S99999999,S99999999,S99999999,S92000003,"198001",,S99999999,"2922",S30000024,55.2295761108398,S99999999,,-4.84793281555176,S01012419,S01019753,S02002329,S02003658,S99999999,S00129871,S00175788,1C2,S99999999,"218981","1",S08000015,S12000028,"0596517",S13003094,S99999999,S99999999,KA260HN,KA26 0HN,KA26 0HN,S14000107,S23000009,S99999999,"7",,S03000003,S22000064,"0",S34002606
"788161",S999,S99999999,S99999999,S99999999,S92000003,"198001",,S99999999,"2922",S30000024,55.2140464782715,S99999999,,-4.88116121292114,S01012419,S01019753,S02002329,S02003658,S99999999,S00129203,S00175845,1A3,S99999999,"216797","1",S08000015,S12000028,"0594876",S13003094,S99999999,S99999999,KA260HP,KA26 0HP,KA26 0HP,S14000107,S23000009,S99999999,"7",,S03000003,S22000064,"0",S34002606
"788162",S999,S99999999,S99999999,S99999999,S92000003,"198001",,S99999999,"2922",S30000024,55.2193832397461,S99999999,,-4.84953117370605,S01012419,S01019753,S02002329,S02003658,S99999999,S00129203,S00175845,1A3,S99999999,"218833","1",S08000015,S12000028,"0595387",S13003094,S99999999,S99999999,KA260HS,KA26 0HS,KA26 0HS,S14000107,S23000009,S99999999,"7",,S03000003,S22000064,"0",S34002606
"788163",S999,S99999999,S99999999,S99999999,S92000003,"198001",,S99999999,"2922",S30000024,55.2198486328125,S99999999,,-4.85189199447632,S01012419,S01019753,S02002329,S02003658,S99999999,S00129203,S00175845,1A3,S99999999,"218685","1",S08000015,S12000028,"0595445",S13003094,S99999999,S99999999,KA260HT,KA26 0HT,KA26 0HT,S14000107,S23000009,S99999999,"7",,S03000003,S22000064,"0",S34002606
"788164",S999,S99999999,S99999999,S99999999,S92000003,"198001",,S99999999,"2922",S30000024,55.2269172668457,S99999999,,-4.85629892349243,S01012419,S01019753,S02002329,S02003658,S99999999,S00129871,S00175788,1C2,S99999999,"218437","1",S08000015,S12000028,"0596243",S13003094,S99999999,S99999999,KA260HW,KA26 0HW,KA26 0HW,S14000107,S23000009,S99999999,"7",,S03000003,S22000064,"0",S34002606
"788165",S999,S99999999,S99999999,S99999999,S92000003,"198001",,S99999999,"2922",S30000024,55.2037162780762,S99999999,,-4.836669921875,S01012419,S01019753,S02002329,S02003658,S99999999,S00129203,S00175845,1A3,S99999999,"219580","1",S08000015,S12000028,"0593611",S13003094,S99999999,S99999999,KA260HX,KA26 0HX,KA26 0HX,S14000107,S23000009,S99999999,"7",,S03000003,S22000064,"0",S34002606
"788166",S999,S99999999,S99999999,S99999999,S92000003,"198001",,S99999999,"2922",S30000024,55.1865730285645,S99999999,,-4.81845092773438,S01012419,S01019753,S02002329,S02003658,S99999999,S00129203,S00175845,1A3,S99999999,"220662","1",S08000015,S12000028,"0591657",S13003094,S99999999,S99999999,KA260HY,KA26 0HY,KA26 0HY,S14000107,S23000009,S99999999,"7",,S03000003,S22000064,"0",S34002606
"788167",S999,S99999999,S99999999,S99999999,S92000003,"198001",,S99999999,"2922",S30000024,55.1854248046875,S99999999,,-4.83042097091675,S01012419,S01019753,S02002329,S02003658,S99999999,S00129203,S00175845,1A3,S99999999,"219895","1",S08000015,S12000028,"0591560",S13003094,S99999999,S99999999,KA260HZ,KA26 0HZ,KA26 0HZ,S14000107,S23000009,S99999999,"7",,S03000003,S22000064,"0",S34002606
"788168",S999,S99999999,S99999999,S99999999,S92000003,"198001",,S99999999,"2922",S30000024,55.1755867004395,S99999999,,-4.87282419204712,S01012419,S01019753,S02002329,S02003658,S99999999,S00129203,S00175845,1A3,S99999999,"217151","1",S08000015,S12000028,"0590576",S13003094,S99999999,S99999999,KA260JA,KA26 0JA,KA26 0JA,S14000107,S23000009,S99999999,"7",,S03000003,S22000064,"0",S34002606
"788169",S999,S99999999,S99999999,S99999999,S92000003,"198001",,S99999999,"2712",S30000024,55.1785202026367,S99999999,,-4.88720417022705,S01012418,S01019752,S02002329,S02003658,S99999999,S00129870,S00175785,1A3,S99999999,"216249","1",S08000015,S12000028,"0590940",S13003094,S99999999,S99999999,KA260JB,KA26 0JB,KA26 0JB,S14000107,S23000009,S99999999,"7",,S03000003,S22000064,"0",S34002606
"788170",S999,S99999999,S99999999,S99999999,S92000003,"198001",,S99999999,"2712",S30000024,55.1705932617188,S99999999,,-4.90929412841797,S01012418,S01019752,S02002329,S02003658,S99999999,S00129870,S00175785,1A3,S99999999,"214806","1",S08000015,S12000028,"0590117",S13003094,S99999999,S99999999,KA260JD,KA26 0JD,KA26 0JD,S14000107,S23000009,S99999999,"7",,S03000003,S22000064,"0",S34002606
"788171",S999,S99999999,S99999999,S99999999,S92000003,"198001",,S99999999,"2712",S30000024,55.1661682128906,S99999999,,-4.90490388870239,S01012418,S01019752,S02002329,S02003658,S99999999,S00129870,S00175785,1A3,S99999999,"215065","1",S08000015,S12000028,"0589613",S13003094,S99999999,S99999999,KA260JE,KA26 0JE,KA26 0JE,S14000107,S23000009,S99999999,"7",,S03000003,S22000064,"0",S34002606
"788172",S999,S99999999,S99999999,S99999999,S92000003,"198001",,S99999999,"2712",S30000024,55.170711517334,S99999999,,-4.9269871711731,S01012418,S01019752,S02002329,S02003658,S99999999,S00129870,S00175785,1A3,S99999999,"213680","1",S08000015,S12000028,"0590177",S13003094,S99999999,S99999999,KA260JF,KA26 0JF,KA26 0JF,S14000107,S23000009,S99999999,"7",,S03000003,S22000064,"0",S34002606
"788173",S999,S99999999,S99999999,S99999999,S92000003,"198001",,S99999999,"2712",S30000024,55.1633338928223,S99999999,,-4.94510221481323,S01012418,S01019752,S02002329,S02003658,S99999999,S00129870,S00175785,1A3,S99999999,"212492","1",S08000015,S12000028,"0589405",S13003094,S99999999,S99999999,KA260JG,KA26 0JG,KA26 0JG,S14000107,S23000009,S99999999,"7",,S03000003,S22000064,"0",S34002606
"788174",S999,S99999999,S99999999,S99999999,S92000003,"198001",,S99999999,"2712",S30000024,55.1464729309082,S99999999,,-4.96674394607544,S01012418,S01019752,S02002329,S02003658,S99999999,S00129870,S00175785,1A3,S99999999,"211034","1",S08000015,S12000028,"0587588",S13003094,S99999999,S99999999,KA260JJ,KA26 0JJ,KA26 0JJ,S14000107,S23000009,S99999999,"7",,S03000003,S22000064,"0",S34002606
"788175",S999,S99999999,S99999999,S99999999,S92000003,"198001",,S99999999,"2712",S30000024,55.1643981933594,S99999999,,-4.93263292312622,S01012418,S01019752,S02002329,S02003658,S99999999,S00129870,S00175785,1A3,S99999999,"213291","1",S08000015,S12000028,"0589490",S13003094,S99999999,S99999999,KA260JL,KA26 0JL,KA26 0JL,S14000107,S23000009,S99999999,"7",,S03000003,S22000064,"0",S34002606
"788176",S999,S99999999,S99999999,S99999999,S92000003,"198001",,S99999999,"2712",S30000024,55.1654739379883,S99999999,,-4.93690490722656,S01012418,S01019752,S02002329,S02003658,S99999999,S00129870,S00175785,1A3,S99999999,"213024","1",S08000015,S12000028,"0589621",S13003094,S99999999,S99999999,KA260JN,KA26 0JN,KA26 0JN,S14000107,S23000009,S99999999,"7",,S03000003,S22000064,"0",S34002606
"788177",S999,S99999999,S99999999,S99999999,S92000003,"200511",,S99999999,"2712",S30000024,55.1690864562988,S99999999,,-4.93283605575562,S01012418,S01019752,S02002329,S02003658,S99999999,S00129870,S00175785,1A3,S99999999,"213300","1",S08000015,S12000028,"0590012",S13003094,S99999999,S99999999,KA260JP,KA26 0JP,KA26 0JP,S14000107,S23000009,S99999999,"7",,S03000003,S22000064,"0",S34002606
"788178",S999,S99999999,S99999999,S99999999,S92000003,"198001",,S99999999,"2712",S30000024,55.1519393920898,S99999999,,-4.97044706344604,S01012418,S01019752,S02002329,S02003658,S99999999,S00129870,S00175785,1A3,S99999999,"210824","1",S08000015,S12000028,"0588206",S13003094,S99999999,S99999999,KA260JQ,KA26 0JQ,KA26 0JQ,S14000107,S23000009,S99999999,"7",,S03000003,S22000064,"0",S34002606
"788179",S999,S99999999,S99999999,S99999999,S92000003,"198001",,S99999999,"2712",S30000024,55.1312789916992,S99999999,,-4.99429893493652,S01012418,S01019752,S02002329,S02003658,S99999999,S00129870,S00175785,1A3,S99999999,"209206","1",S08000015,S12000028,"0585973",S13003094,S99999999,S99999999,KA260JU,KA26 0JU,KA26 0JU,S14000107,S23000009,S99999999,"7",,S03000003,S22000064,"0",S34002606
"788180",S999,S99999999,S99999999,S99999999,S92000003,"198001",,S99999999,"2712",S30000024,55.169246673584,S99999999,,-4.93401002883911,S01012418,S01019752,S02002329,S02003658,S99999999,S00129870,S00175785,1A3,S99999999,"213226","1",S08000015,S12000028,"0590033",S13003094,S99999999,S99999999,KA260JW,KA26 0JW,KA26 0JW,S14000107,S23000009,S99999999,"7",,S03000003,S22000064,"0",S34002606
"788181",S999,S99999999,S99999999,S99999999,S92000003,"198001",,S99999999,"2712",S30000024,55.1212005615234,S99999999,,-4.98668909072876,S01012418,S01019752,S02002329,S02003658,S99999999,S00129209,S00175851,1A3,S99999999,"209643","1",S08000015,S12000028,"0584831",S13003094,S99999999,S99999999,KA260JX,KA26 0JX,KA26 0JX,S14000107,S23000009,S99999999,"7",,S03000003,S22000064,"0",S34002617
"788182",S999,S99999999,S99999999,S99999999,S92000003,"198001",,S99999999,"2712",S30000024,55.1125755310059,S99999999,,-4.99374580383301,S01012418,S01019752,S02002329,S02003658,S99999999,S00129209,S00175851,1A3,S99999999,"209152","1",S08000015,S12000028,"0583891",S13003094,S99999999,S99999999,KA260JY,KA26 0JY,KA26 0JY,S14000107,S23000009,S99999999,"7",,S03000003,S22000064,"0",S34002617
"788183",S999,S99999999,S99999999,S99999999,S92000003,"198001",,S99999999,"1997",S30000024,55.0976066589355,S99999999,,-4.9893651008606,S01012417,S01019751,S02002329,S02003658,S99999999,S00129201,S00175857,1A3,S99999999,"209360","1",S08000015,S12000028,"0582214",S13003094,S99999999,S99999999,KA260JZ,KA26 0JZ,KA26 0JZ,S14000107,S23000009,S99999999,"6",,S03000003,S22000064,"0",S34002625
"788184",S999,S99999999,S99999999,S99999999,S92000003,"198001",,S99999999,"1997",S30000024,55.1164131164551,S99999999,,-4.96078109741211,S01012417,S01019751,S02002329,S02003658,S99999999,S00129202,S00175852,1A3,S99999999,"211272","1",S08000015,S12000028,"0584228",S13003094,S99999999,S99999999,KA260LA,KA26 0LA,KA26 0LA,S14000107,S23000009,S99999999,"7",,S03000003,S22000064,"0",S34002617
"788185",S999,S99999999,S99999999,S99999999,S92000003,"198001",,S99999999,"2712",S30000024,55.1298217773438,S99999999,,-4.94652414321899,S01012418,S01019752,S02002329,S02003658,S99999999,S00129209,S00175851,1A3,S99999999,"212244","1",S08000015,S12000028,"0585681",S13003094,S99999999,S99999999,KA260LB,KA26 0LB,KA26 0LB,S14000107,S23000009,S99999999,"7",,S03000003,S22000064,"0",S34002617
"788186",S999,S99999999,S99999999,S99999999,S92000003,"198001",,S99999999,"2712",S30000024,55.1299934387207,S99999999,,-4.96202182769775,S01012418,S01019752,S02002329,S02003658,S99999999,S00129209,S00175851,1A3,S99999999,"211257","1",S08000015,S12000028,"0585742",S13003094,S99999999,S99999999,KA260LD,KA26 0LD,KA26 0LD,S14000107,S23000009,S99999999,"7",,S03000003,S22000064,"0",S34002617
"788187",S999,S99999999,S99999999,S99999999,S92000003,"198001",,S99999999,"2712",S30000024,55.1371307373047,S99999999,,-4.98739290237427,S01012418,S01019752,S02002329,S02003658,S99999999,S00129870,S00175785,1A3,S99999999,"209674","1",S08000015,S12000028,"0586605",S13003094,S99999999,S99999999,KA260LE,KA26 0LE,KA26 0LE,S14000107,S23000009,S99999999,"7",,S03000003,S22000064,"0",S34002606
"788188",S999,S99999999,S99999999,S99999999,S92000003,"198001",,S99999999,"2712",S30000024,55.1267585754395,S99999999,,-4.97340822219849,S01012418,S01019752,S02002329,S02003658,S99999999,S00129209,S00175851,1A3,S99999999,"210516","1",S08000015,S12000028,"0585413",S13003094,S99999999,S99999999,KA260LF,KA26 0LF,KA26 0LF,S14000107,S23000009,S99999999,"7",,S03000003,S22000064,"0",S34002617
"788189",S999,S99999999,S99999999,S99999999,S92000003,"198001",,S99999999,"2712",S30000024,55.1303215026855,S99999999,,-4.92835998535156,S01012418,S01019752,S02002329,S02003658,S99999999,S00129209,S00175851,1A3,S99999999,"213404","1",S08000015,S12000028,"0585688",S13003094,S99999999,S99999999,KA260LG,KA26 0LG,KA26 0LG,S14000107,S23000009,S99999999,"7",,S03000003,S22000064,"0",S34002617
"788190",S999,S99999999,S99999999,S99999999,S92000003,"198001",,S99999999,"2712",S30000024,55.1147689819336,S99999999,,-4.95289611816406,S01012418,S01019752,S02002329,S02003658,S99999999,S00129209,S00175851,1A3,S99999999,"211767","1",S08000015,S12000028,"0584024",S13003094,S99999999,S99999999,KA260LH,KA26 0LH,KA26 0LH,S14000107,S23000009,S99999999,"7",,S03000003,S22000064,"0",S34002617
"788191",S999,S99999999,S99999999,S99999999,S92000003,"198001",,S99999999,"2712",S30000024,55.1054306030273,S99999999,,-4.90386486053467,S01012418,S01019752,S02002329,S02003658,S99999999,S00129209,S00175851,1A3,S99999999,"214850","1",S08000015,S12000028,"0582854",S13003094,S99999999,S99999999,KA260LJ,KA26 0LJ,KA26 0LJ,S14000107,S23000009,S99999999,"7",,S03000003,S22000064,"0",S34002617
"788192",S999,S99999999,S99999999,S99999999,S92000003,"198001",,S99999999,"2712",S30000024,55.1105842590332,S99999999,,-4.94861888885498,S01012418,S01019752,S02002329,S02003658,S99999999,S00129209,S00175851,1A3,S99999999,"212020","1",S08000015,S12000028,"0583547",S13003094,S99999999,S99999999,KA260LL,KA26 0LL,KA26 0LL,S14000107,S23000009,S99999999,"7",,S03000003,S22000064,"0",S34002617
"788193",S999,S99999999,S99999999,S99999999,S92000003,"198001",,S99999999,"1997",S30000024,55.1095962524414,S99999999,,-4.94683694839478,S01012417,S01019751,S02002329,S02003658,S99999999,S00129210,S00175853,1A3,S99999999,"212129","1",S08000015,S12000028,"0583432",S13003094,S99999999,S99999999,KA260LN,KA26 0LN,KA26 0LN,S14000107,S23000009,S99999999,"7",,S03000003,S22000064,"0",S34002625
"788194",S999,S99999999,S99999999,S99999999,S92000003,"198001",,S99999999,"1997",S30000024,55.0975685119629,S99999999,,-4.9210410118103,S01012417,S01019751,S02002329,S02003658,S99999999,S00129210,S00175853,1A3,S99999999,"213718","1",S08000015,S12000028,"0582025",S13003094,S99999999,S99999999,KA260LP,KA26 0LP,KA26 0LP,S14000107,S23000009,S99999999,"7",,S03000003,S22000064,"0",S34002625
"788195",S999,S99999999,S99999999,S99999999,S92000003,"198001",,S99999999,"2712",S30000024,55.1269302368164,S99999999,,-4.91162300109863,S01012418,S01019752,S02002329,S02003658,S99999999,S00129209,S00175851,1A3,S99999999,"214455","1",S08000015,S12000028,"0585266",S13003094,S99999999,S99999999,KA260LQ,KA26 0LQ,KA26 0LQ,S14000107,S23000009,S99999999,"7",,S03000003,S22000064,"0",S34002617
"788196",S999,S99999999,S99999999,S99999999,S92000003,"198001",,S99999999,"1997",S30000024,55.0992431640625,S99999999,,-4.96024799346924,S01012417,S01019751,S02002329,S02003658,S99999999,S00129210,S00175853,1A3,S99999999,"211225","1",S08000015,S12000028,"0582317",S13003094,S99999999,S99999999,KA260LR,KA26 0LR,KA26 0LR,S14000107,S23000009,S99999999,"7",,S03000003,S22000064,"0",S34002625
"788197",S999,S99999999,S99999999,S99999999,S92000003,"198001",,S99999999,"1997",S30000024,55.1013603210449,S99999999,,-4.94271898269653,S01012417,S01019751,S02002329,S02003658,S99999999,S00129210,S00175853,1A3,S99999999,"212353","1",S08000015,S12000028,"0582505",S13003094,S99999999,S99999999,KA260LW,KA26 0LW,KA26 0LW,S14000107,S23000009,S99999999,"7",,S03000003,S22000064,"0",S34002625
"788198",S999,S99999999,S99999999,S99999999,S92000003,"198001",,S99999999,"1997",S30000024,55.100414276123,S99999999,,-5.00421810150146,S01012417,S01019751,S02002329,S02003658,S99999999,S00129202,S00175852,1A3,S99999999,"208426","1",S08000015,S12000028,"0582567",S13003094,S99999999,S99999999,KA260NA,KA26 0NA,KA26 0NA,S14000107,S23000009,S99999999,"7",,S03000003,S22000064,"0",S34002617
"788199",S999,S99999999,S99999999,S99999999,S92000003,"198001",,S99999999,"1997",S30000024,55.1012153625488,S99999999,,-5.00487422943115,S01012417,S01019751,S02002329,S02003658,S99999999,S00129974,S00175855,8C2,S99999999,"208388","1",S08000015,S12000028,"0582658",S13003094,S99999999,S99999999,KA260NB,KA26 0NB,KA26 0NB,S14000107,S23000009,S99999999,"7",,S03000003,S22000064,"0",S34002625
"788200",S999,S99999999,S99999999,S99999999,S92000003,"201202",,S99999999,"1997",S30000024,55.1001663208008,S99999999,,-5.00333786010742,S01012417,S01019751,S02002329,S02003658,S99999999,S00129202,S00175852,1A3,S99999999,"208481","1",S08000015,S12000028,"0582537",S13003094,S99999999,S99999999,KA260ND,KA26 0ND,KA26 0ND,S14000107,S23000009,S99999999,"7",,S03000003,S22000064,"0",S34002617
"788201",S999,S99999999,S99999999,S99999999,S92000003,"198001",,S99999999,"1997",S30000024,55.0999603271484,S99999999,,-5.00186395645142,S01012417,S01019751,S02002329,S02003658,S99999999,S00129202,S00175852,1A3,S99999999,"208574","1",S08000015,S12000028,"0582510",S13003094,S99999999,S99999999,KA260NF,KA26 0NF,KA26 0NF,S14000107,S23000009,S99999999,"7",,S03000003,S22000064,"0",S34002617
"788202",S999,S99999999,S99999999,S99999999,S92000003,"198001",,S99999999,"1997",S30000024,55.1019172668457,S99999999,,-5.00638484954834,S01012417,S01019751,S02002329,S02003658,S99999999,S00129975,S00175858,1B3,S99999999,"208295","1",S08000015,S12000028,"0582740",S13003094,S99999999,S99999999,KA260NG,KA26 0NG,KA26 0NG,S14000107,S23000009,S99999999,"7",,S03000003,S22000064,"0",S34002625
"788203",S999,S99999999,S99999999,S99999999,S92000003,"198001",,S99999999,"1997",S30000024,55.0994873046875,S99999999,,-5.0068302154541,S01012417,S01019751,S02002329,S02003658,S99999999,S00129211,S00175854,8C2,S99999999,"208255","1",S08000015,S12000028,"0582471",S13003094,S99999999,S99999999,KA260NH,KA26 0NH,KA26 0NH,S14000107,S23000009,S99999999,"7",,S03000003,S22000064,"0",S34002625
"788204",S999,S99999999,S99999999,S99999999,S92000003,"198001",,S99999999,"1997",S30000024,55.0995979309082,S99999999,,-4.99685096740723,S01012417,S01019751,S02002329,S02003658,S99999999,S00129202,S00175852,1A3,S99999999,"208892","1",S08000015,S12000028,"0582456",S13003094,S99999999,S99999999,KA260NJ,KA26 0NJ,KA26 0NJ,S14000107,S23000009,S99999999,"7",,S03000003,S22000064,"0",S34002617
"788205",S999,S99999999,S99999999,S99999999,S92000003,"198001",,S99999999,"1997",S30000024,55.1013221740723,S99999999,,-5.00724983215332,S01012417,S01019751,S02002329,S02003658,S99999999,S00129975,S00175858,1B3,S99999999,"208237","1",S08000015,S12000028,"0582676",S13003094,S99999999,S99999999,KA260NL,KA26 0NL,KA26 0NL,S14000107,S23000009,S99999999,"7",,S03000003,S22000064,"0",S34002625
"788206",S999,S99999999,S99999999,S99999999,S92000003,"198001",,S99999999,"1997",S30000024,55.1009674072266,S99999999,,-5.00584411621094,S01012417,S01019751,S02002329,S02003658,S99999999,S00129975,S00175858,1B3,S99999999,"208325","1",S08000015,S12000028,"0582633",S13003094,S99999999,S99999999,KA260NN,KA26 0NN,KA26 0NN,S14000107,S23000009,S99999999,"7",,S03000003,S22000064,"0",S34002625
"788207",S999,S99999999,S99999999,S99999999,S92000003,"199210",,S99999999,"1997",S30000024,55.102897644043,S99999999,,-5.00740003585815,S01012417,S01019751,S02002329,S02003658,S99999999,S00129974,S00175855,8C2,S99999999,"208235","1",S08000015,S12000028,"0582852",S13003094,S99999999,S99999999,KA260NP,KA26 0NP,KA26 0NP,S14000107,S23000009,S99999999,"7",,S03000003,S22000064,"0",S34002625
"788208",S999,S99999999,S99999999,S99999999,S92000003,"198001",,S99999999,"1997",S30000024,55.1020088195801,S99999999,,-5.00786590576172,S01012417,S01019751,S02002329,S02003658,S99999999,S00129211,S00175854,8C2,S99999999,"208201","1",S08000015,S12000028,"0582754",S13003094,S99999999,S99999999,KA260NQ,KA26 0NQ,KA26 0NQ,S14000107,S23000009,S99999999,"7",,S03000003,S22000064,"0",S34002625
"788209",S999,S99999999,S99999999,S99999999,S92000003,"201111",,S99999999,"1997",S30000024,55.1040382385254,S99999999,,-5.00783014297485,S01012417,S01019751,S02002329,S02003658,S99999999,S00129211,S00175854,8C2,S99999999,"208213","1",S08000015,S12000028,"0582980",S13003094,S99999999,S99999999,KA260NS,KA26 0NS,KA26 0NS,S14000107,S23000009,S99999999,"7",,S03000003,S22000064,"0",S34002625
"788210",S999,S99999999,S99999999,S99999999,S92000003,"200006",,S99999999,"1997",S30000024,55.1025161743164,S99999999,,-5.00616407394409,S01012417,S01019751,S02002329,S02003658,S99999999,S00129974,S00175855,8C2,S99999999,"208312","1",S08000015,S12000028,"0582806",S13003094,S99999999,S99999999,KA260NT,KA26 0NT,KA26 0NT,S14000107,S23000009,S99999999,"7",,S03000003,S22000064,"0",S34002625
"788211",S999,S99999999,S99999999,S99999999,S92000003,"198001",,S99999999,"1997",S30000024,55.0956802368164,S99999999,,-4.99834489822388,S01012417,S01019751,S02002329,S02003658,S99999999,S00129201,S00175857,1A3,S99999999,"208778","1",S08000015,S12000028,"0582024",S13003094,S99999999,S99999999,KA260NU,KA26 0NU,KA26 0NU,S14000107,S23000009,S99999999,"6",,S03000003,S22000064,"0",S34002625
"788212",S999,S99999999,S99999999,S99999999,S92000003,"198001",,S99999999,"1997",S30000024,55.1023483276367,S99999999,,-5.00712299346924,S01012417,S01019751,S02002329,S02003658,S99999999,S00129211,S00175854,8C2,S99999999,"208250","1",S08000015,S12000028,"0582790",S13003094,S99999999,S99999999,KA260NW,KA26 0NW,KA26 0NW,S14000107,S23000009,S99999999,"7",,S03000003,S22000064,"0",S34002625
"788213",S999,S99999999,S99999999,S99999999,S92000003,"198001",,S99999999,"1997",S30000024,55.0890579223633,S99999999,,-4.96253490447998,S01012417,S01019751,S02002329,S02003658,S99999999,S00129210,S00175853,1A3,S99999999,"211031","1",S08000015,S12000028,"0581190",S13003094,S99999999,S99999999,KA260NX,KA26 0NX,KA26 0NX,S14000107,S23000009,S99999999,"7",,S03000003,S22000064,"0",S34002625
"788214",S999,S99999999,S99999999,S99999999,S92000003,"198001",,S99999999,"1997",S30000024,55.0809936523438,S99999999,,-4.97797012329102,S01012417,S01019751,S02002329,S02003658,S99999999,S00129210,S00175853,1A3,S99999999,"210008","1",S08000015,S12000028,"0580335",S13003094,S99999999,S99999999,KA260NY,KA26 0NY,KA26 0NY,S14000107,S23000009,S99999999,"7",,S03000003,S22000064,"0",S34002625
"788215",S999,S99999999,S99999999,S99999999,S92000003,"199706",,S99999999,"1997",S30000024,55.0835571289062,S99999999,,-4.99145078659058,S01012417,S01019751,S02002329,S02003658,S99999999,S00129210,S00175853,1A3,S99999999,"209160","1",S08000015,S12000028,"0580657",S13003094,S99999999,S99999999,KA260NZ,KA26 0NZ,KA26 0NZ,S14000107,S23000009,S99999999,"7",,S03000003,S22000064,"0",S34002625
"788216",S999,S99999999,S99999999,S99999999,S92000003,"198001",,S99999999,"1997",S30000024,55.0934715270996,S99999999,,-4.99748992919922,S01012417,S01019751,S02002329,S02003658,S99999999,S00129201,S00175857,1A3,S99999999,"208822","1",S08000015,S12000028,"0581776",S13003094,S99999999,S99999999,KA260PA,KA26 0PA,KA26 0PA,S14000107,S23000009,S99999999,"6",,S03000003,S22000064,"0",S34002625
"788217",S999,S99999999,S99999999,S99999999,S92000003,"198001",,S99999999,"1997",S30000024,55.0898742675781,S99999999,,-5.00505781173706,S01012417,S01019751,S02002329,S02003658,S99999999,S00129201,S00175857,1A3,S99999999,"208322","1",S08000015,S12000028,"0581397",S13003094,S99999999,S99999999,KA260PB,KA26 0PB,KA26 0PB,S14000107,S23000009,S99999999,"6",,S03000003,S22000064,"0",S34002625
"788218",S999,S99999999,S99999999,S99999999,S92000003,"198001",,S99999999,"1997",S30000024,55.0712356567383,S99999999,,-5.01254320144653,S01012417,S01019751,S02002329,S02003658,S99999999,S00129201,S00175857,1A3,S99999999,"207755","1",S08000015,S12000028,"0579344",S13003094,S99999999,S99999999,KA260PD,KA26 0PD,KA26 0PD,S14000107,S23000009,S99999999,"6",,S03000003,S22000064,"0",S34002625
"788219",S999,S99999999,S99999999,S99999999,S92000003,"198001",,S99999999,"1997",S30000024,55.065616607666,S99999999,,-4.99358797073364,S01012417,S01019751,S02002329,S02003658,S99999999,S00129201,S00175857,1A3,S99999999,"208938","1",S08000015,S12000028,"0578667",S13003094,S99999999,S99999999,KA260PE,KA26 0PE,KA26 0PE,S14000107,S23000009,S99999999,"6",,S03000003,S22000064,"0",S34002625
"788220",S999,S99999999,S99999999,S99999999,S92000003,"198001",,S99999999,"1997",S30000024,55.0573120117188,S99999999,,-5.01022720336914,S01012417,S01019751,S02002329,S02003658,S99999999,S00129201,S00175857,1A3,S99999999,"207836","1",S08000015,S12000028,"0577789",S13003094,S99999999,S99999999,KA260PF,KA26 0PF,KA26 0PF,S14000107,S23000009,S99999999,"6",,S03000003,S22000064,"0",S34002625
"788221",S999,S99999999,S99999999,S99999999,S92000003,"198001",,S99999999,"1997",S30000024,55.0352096557617,S99999999,,-5.00130605697632,S01012417,S01019751,S02002329,S02003658,S99999999,S00129201,S00175857,1A3,S99999999,"208300","1",S08000015,S12000028,"0575306",S13003094,S99999999,S99999999,KA260PG,KA26 0PG,KA26 0PG,S14000107,S23000009,S99999999,"6",,S03000003,S22000064,"0",S34002625
"788222",S999,S99999999,S99999999,S99999999,S92000003,"198001",,S99999999,"2712",S30000024,55.1036987304688,S99999999,,-4.77142286300659,S01012418,S01019752,S02002329,S02003658,S99999999,S00129207,S00175856,1A3,S99999999,"223289","1",S08000015,S12000028,"0582318",S13003094,S99999999,S99999999,KA260PP,KA26 0PP,KA26 0PP,S14000107,S23000009,S99999999,"7",,S03000003,S22000064,"0",S34002625
"788223",S999,S99999999,S99999999,S99999999,S92000003,"198001",,S99999999,"2712",S30000024,55.1027946472168,S99999999,,-4.77212905883789,S01012418,S01019752,S02002329,S02003658,S99999999,S00129207,S00175856,1A3,S99999999,"223240","1",S08000015,S12000028,"0582219",S13003094,S99999999,S99999999,KA260PR,KA26 0PR,KA26 0PR,S14000107,S23000009,S99999999,"7",,S03000003,S22000064,"0",S34002625
"788224",S999,S99999999,S99999999,S99999999,S92000003,"198001",,S99999999,"2712",S30000024,55.1108055114746,S99999999,,-4.78033685684204,S01012418,S01019752,S02002329,S02003658,S99999999,S00129205,S00175849,1A3,S99999999,"222752","1",S08000015,S12000028,"0583131",S13003094,S99999999,S99999999,KA260PS,KA26 0PS,KA26 0PS,S14000107,S23000009,S99999999,"7",,S03000003,S22000064,"0",S34002617
"788225",S999,S99999999,S99999999,S99999999,S92000003,"198001",,S99999999,"2712",S30000024,55.1144027709961,S99999999,,-4.7798490524292,S01012418,S01019752,S02002329,S02003658,S99999999,S00129205,S00175849,1A3,S99999999,"222799","1",S08000015,S12000028,"0583530",S13003094,S99999999,S99999999,KA260PU,KA26 0PU,KA26 0PU,S14000107,S23000009,S99999999,"7",,S03000003,S22000064,"0",S34002617
"788226",S999,S99999999,S99999999,S99999999,S92000003,"198001",,S99999999,"2712",S30000024,55.1070976257324,S99999999,,-4.76549577713013,S01012418,S01019752,S02002329,S02003658,S99999999,S00129205,S00175849,1A3,S99999999,"223682","1",S08000015,S12000028,"0582681",S13003094,S99999999,S99999999,KA260PX,KA26 0PX,KA26 0PX,S14000107,S23000009,S99999999,"7",,S03000003,S22000064,"0",S34002617
"788227",S999,S99999999,S99999999,S99999999,S92000003,"198001",,S99999999,"2712",S30000024,55.1121978759766,S99999999,,-4.79448509216309,S01012418,S01019752,S02002329,S02003658,S99999999,S00129205,S00175849,1A3,S99999999,"221856","1",S08000015,S12000028,"0583322",S13003094,S99999999,S99999999,KA260PZ,KA26 0PZ,KA26 0PZ,S14000107,S23000009,S99999999,"7",,S03000003,S22000064,"0",S34002617
"788228",S999,S99999999,S99999999,S99999999,S92000003,"198001",,S99999999,"2712",S30000024,55.1198081970215,S99999999,,-4.82497501373291,S01012418,S01019752,S02002329,S02003658,S99999999,S00129205,S00175849,1A3,S99999999,"219946","1",S08000015,S12000028,"0584247",S13003094,S99999999,S99999999,KA260QB,KA26 0QB,KA26 0QB,S14000107,S23000009,S99999999,"7",,S03000003,S22000064,"0",S34002617
"788229",S999,S99999999,S99999999,S99999999,S92000003,"198001",,S99999999,"2712",S30000024,55.135326385498,S99999999,,-4.82462787628174,S01012418,S01019752,S02002329,S02003658,S99999999,S00129205,S00175849,1A3,S99999999,"220038","1",S08000015,S12000028,"0585972",S13003094,S99999999,S99999999,KA260QD,KA26 0QD,KA26 0QD,S14000107,S23000009,S99999999,"7",,S03000003,S22000064,"0",S34002617
"788230",S999,S99999999,S99999999,S99999999,S92000003,"198001",,S99999999,"2922",S30000024,55.1413536071777,S99999999,,-4.82946395874023,S01012419,S01019753,S02002329,S02003658,S99999999,S00129204,S00175848,1A3,S99999999,"219757","1",S08000015,S12000028,"0586655",S13003094,S99999999,S99999999,KA260QE,KA26 0QE,KA26 0QE,S14000107,S23000009,S99999999,"7",,S03000003,S22000064,"0",S34002617
"788231",S999,S99999999,S99999999,S99999999,S92000003,"198001",,S99999999,"2712",S30000024,55.0966606140137,S99999999,,-4.78009080886841,S01012418,S01019752,S02002329,S02003658,S99999999,S00129207,S00175856,1A3,S99999999,"222705","1",S08000015,S12000028,"0581557",S13003094,S99999999,S99999999,KA260QF,KA26 0QF,KA26 0QF,S14000107,S23000009,S99999999,"7",,S03000003,S22000064,"0",S34002625
"788232",S999,S99999999,S99999999,S99999999,S92000003,"198001",,S99999999,"2712",S30000024,55.0747375488281,S99999999,,-4.77222394943237,S01012418,S01019752,S02002329,S02003658,S99999999,S00129207,S00175856,1A3,S99999999,"223110","1",S08000015,S12000028,"0579098",S13003094,S99999999,S99999999,KA260QG,KA26 0QG,KA26 0QG,S14000107,S23000009,S99999999,"7",,S03000003,S22000064,"0",S34002625
"788233",S999,S99999999,S99999999,S99999999,S92000003,"201208",,S99999999,"2712",S30000024,55.0837211608887,S99999999,,-4.84944581985474,S01012418,S01019752,S02002329,S02003658,S99999999,S00129207,S00175856,1A3,S99999999,"218222","1",S08000015,S12000028,"0580296",S13003094,S99999999,S99999999,KA260QH,KA26 0QH,KA26 0QH,S14000107,S23000009,S99999999,"7",,S03000003,S22000064,"0",S34002625
"788234",S999,S99999999,S99999999,S99999999,S92000003,"198001",,S99999999,"2712",S30000024,55.1021423339844,S99999999,,-4.76841497421265,S01012418,S01019752,S02002329,S02003658,S99999999,S00129872,S00175860,8A2,S99999999,"223474","1",S08000015,S12000028,"0582137",S13003094,S99999999,S99999999,KA260QP,KA26 0QP,KA26 0QP,S14000107,S23000009,S99999999,"7",,S03000003,S22000064,"0",S34002625
"788235",S999,S99999999,S99999999,S99999999,S92000003,"198001",,S99999999,"2712",S30000024,55.1023826599121,S99999999,,-4.76694202423096,S01012418,S01019752,S02002329,S02003658,S99999999,S00129872,S00175860,8A2,S99999999,"223569","1",S08000015,S12000028,"0582160",S13003094,S99999999,S99999999,KA260QR,KA26 0QR,KA26 0QR,S14000107,S23000009,S99999999,"7",,S03000003,S22000064,"1",S34002625
"788236",S999,S99999999,S99999999,S99999999,S92000003,"198001",,S99999999,"2712",S30000024,55.1014595031738,S99999999,,-4.76562404632568,S01012418,S01019752,S02002329,S02003658,S99999999,S00129872,S00175860,8A2,S99999999,"223649","1",S08000015,S12000028,"0582054",S13003094,S99999999,S99999999,KA260QS,KA26 0QS,KA26 0QS,S14000107,S23000009,S99999999,"7",,S03000003,S22000064,"0",S34002625
"788237",S999,S99999999,S99999999,S99999999,S92000003,"198001",,S99999999,"2712",S30000024,55.0971908569336,S99999999,,-4.76191186904907,S01012418,S01019752,S02002329,S02003658,S99999999,S00129206,S00175859,1A3,S99999999,"223867","1",S08000015,S12000028,"0581570",S13003094,S99999999,S99999999,KA260QT,KA26 0QT,KA26 0QT,S14000107,S23000009,S99999999,"7",,S03000003,S22000064,"0",S34002625
"788238",S999,S99999999,S99999999,S99999999,S92000003,"198001",,S99999999,"2712",S30000024,55.0848045349121,S99999999,,-4.72725486755371,S01012418,S01019752,S02002329,S02003658,S99999999,S00129206,S00175859,1A3,S99999999,"226024","1",S08000015,S12000028,"0580105",S13003094,S99999999,S99999999,KA260QX,KA26 0QX,KA26 0QX,S14000107,S23000009,S99999999,"7",,S03000003,S22000064,"0",S34002625
"788239",S999,S99999999,S99999999,S99999999,S92000003,"198001",,S99999999,"2712",S30000024,55.0762405395508,S99999999,,-4.72391414642334,S01012418,S01019752,S02002329,S02003658,S99999999,S00129206,S00175859,1A3,S99999999,"226200","1",S08000015,S12000028,"0579144",S13003094,S99999999,S99999999,KA260QY,KA26 0QY,KA26 0QY,S14000107,S23000009,S99999999,"7",,S03000003,S22000064,"0",S34002625
"788240",S999,S99999999,S99999999,S99999999,S92000003,"198001",,S99999999,"2712",S30000024,55.067024230957,S99999999,,-4.69573497772217,S01012418,S01019752,S02002329,S02003658,S99999999,S00129206,S00175859,1A3,S99999999,"227959","1",S08000015,S12000028,"0578049",S13003094,S99999999,S99999999,KA260QZ,KA26 0QZ,KA26 0QZ,S14000107,S23000009,S99999999,"7",,S03000003,S22000064,"0",S34002625
"788241",S999,S99999999,S99999999,S99999999,S92000003,"198001",,S99999999,"2712",S30000024,55.0551109313965,S99999999,,-4.71045207977295,S01012418,S01019752,S02002329,S02003658,S99999999,S00129206,S00175859,1A3,S99999999,"226968","1",S08000015,S12000028,"0576760",S13003094,S99999999,S99999999,KA260RA,KA26 0RA,KA26 0RA,S14000107,S23000009,S99999999,"7",,S03000003,S22000064,"0",S34002625
"788242",S999,S99999999,S99999999,S99999999,S92000003,"198001",,S99999999,"2712",S30000024,55.0571632385254,S99999999,,-4.67122077941895,S01012418,S01019752,S02002329,S02003658,S99999999,S00129206,S00175859,1A3,S99999999,"229482","1",S08000015,S12000028,"0576892",S13003094,S99999999,S99999999,KA260RB,KA26 0RB,KA26 0RB,S14000107,S23000009,S99999999,"7",,S03000003,S22000064,"0",S34002625
"788243",S999,S99999999,S99999999,S99999999,S92000003,"198001",,S99999999,"2712",S30000024,55.1138648986816,S99999999,,-4.70310878753662,S01012418,S01019752,S02002329,S02003658,S99999999,S00129205,S00175849,1A3,S99999999,"227690","1",S08000015,S12000028,"0583278",S13003094,S99999999,S99999999,KA260RD,KA26 0RD,KA26 0RD,S14000107,S23000009,S99999999,"7",,S03000003,S22000064,"0",S34002617
"788244",S999,S99999999,S99999999,S99999999,S92000003,"198001",,S99999999,"2712",S30000024,55.0941390991211,S99999999,,-4.72469282150269,S01012418,S01019752,S02002329,S02003658,S99999999,S00129206,S00175859,1A3,S99999999,"226228","1",S08000015,S12000028,"0581137",S13003094,S99999999,S99999999,KA260RE,KA26 0RE,KA26 0RE,S14000107,S23000009,S99999999,"7",,S03000003,S22000064,"0",S34002625
"788245",S999,S99999999,S99999999,S99999999,S92000003,"198001",,S99999999,"2712",S30000024,55.0898323059082,S99999999,,-4.69278812408447,S01012418,S01019752,S02002329,S02003658,S99999999,S00129206,S00175859,1A3,S99999999,"228245","1",S08000015,S12000028,"0580579",S13003094,S99999999,S99999999,KA260RF,KA26 0RF,KA26 0RF,S14000107,S23000009,S99999999,"7",,S03000003,S22000064,"0",S34002625
"788246",S999,S99999999,S99999999,S99999999,S92000003,"198001",,S99999999,"2922",S30000024,55.1442565917969,S99999999,,-4.83067417144775,S01012419,S01019753,S02002329,S02003658,S99999999,S00129204,S00175848,1A3,S99999999,"219693","1",S08000015,S12000028,"0586981",S13003094,S99999999,S99999999,KA260RN,KA26 0RN,KA26 0RN,S14000107,S23000009,S99999999,"7",,S03000003,S22000064,"0",S34002617
"788247",S999,S99999999,S99999999,S99999999,S92000003,"198001",,S99999999,"2922",S30000024,55.1501045227051,S99999999,,-4.83465194702148,S01012419,S01019753,S02002329,S02003658,S99999999,S00129204,S00175848,1A3,S99999999,"219466","1",S08000015,S12000028,"0587642",S13003094,S99999999,S99999999,KA260RP,KA26 0RP,KA26 0RP,S14000107,S23000009,S99999999,"7",,S03000003,S22000064,"0",S34002617
"788248",S999,S99999999,S99999999,S99999999,S92000003,"198001",,S99999999,"2922",S30000024,55.1550559997559,S99999999,,-4.82902193069458,S01012419,S01019753,S02002329,S02003658,S99999999,S00129204,S00175848,1A3,S99999999,"219847","1",S08000015,S12000028,"0588178",S13003094,S99999999,S99999999,KA260RR,KA26 0RR,KA26 0RR,S14000107,S23000009,S99999999,"7",,S03000003,S22000064,"0",S34002617
"788249",S999,S99999999,S99999999,S99999999,S92000003,"198001",,S99999999,"2922",S30000024,55.1555137634277,S99999999,,-4.83362293243408,S01012419,S01019753,S02002329,S02003658,S99999999,S00129204,S00175848,1A3,S99999999,"219556","1",S08000015,S12000028,"0588241",S13003094,S99999999,S99999999,KA260RS,KA26 0RS,KA26 0RS,S14000107,S23000009,S99999999,"7",,S03000003,S22000064,"0",S34002617
"788250",S999,S99999999,S99999999,S99999999,S92000003,"198001",,S99999999,"2922",S30000024,55.1506614685059,S99999999,,-4.83963584899902,S01012419,S01019753,S02002329,S02003658,S99999999,S00129204,S00175848,1A3,S99999999,"219151","1",S08000015,S12000028,"0587717",S13003094,S99999999,S99999999,KA260RT,KA26 0RT,KA26 0RT,S14000107,S23000009,S99999999,"7",,S03000003,S22000064,"0",S34002617
"788251",S999,S99999999,S99999999,S99999999,S92000003,"198001",,S99999999,"2922",S30000024,55.1454620361328,S99999999,,-4.85719108581543,S01012419,S01019753,S02002329,S02003658,S99999999,S00129204,S00175848,1A3,S99999999,"218009","1",S08000015,S12000028,"0587184",S13003094,S99999999,S99999999,KA260RU,KA26 0RU,KA26 0RU,S14000107,S23000009,S99999999,"7",,S03000003,S22000064,"0",S34002617
"788252",S999,S99999999,S99999999,S99999999,S92000003,"198001",,S99999999,"2922",S30000024,55.146598815918,S99999999,,-4.83504676818848,S01012419,S01019753,S02002329,S02003658,S99999999,S00129204,S00175848,1A3,S99999999,"219425","1",S08000015,S12000028,"0587253",S13003094,S99999999,S99999999,KA260RW,KA26 0RW,KA26 0RW,S14000107,S23000009,S99999999,"7",,S03000003,S22000064,"0",S34002617
"788253",S999,S99999999,S99999999,S99999999,S92000003,"198001",,S99999999,"2712",S30000024,55.1403274536133,S99999999,,-4.89563417434692,S01012418,S01019752,S02002329,S02003658,S99999999,S00129209,S00175850,1A3,S99999999,"215536","1",S08000015,S12000028,"0586714",S13003094,S99999999,S99999999,KA260RX,KA26 0RX,KA26 0RX,S14000107,S23000009,S99999999,"7",,S03000003,S22000064,"0",S34002617
"788254",S999,S99999999,S99999999,S99999999,S92000003,"198001",,S99999999,"2712",S30000024,55.1336669921875,S99999999,,-4.90615081787109,S01012418,S01019752,S02002329,S02003658,S99999999,S00129208,S00175850,1C1,S99999999,"214835","1",S08000015,S12000028,"0586001",S13003094,S99999999,S99999999,KA260RY,KA26 0RY,KA26 0RY,S14000107,S23000009,S99999999,"7",,S03000003,S22000064,"0",S34002617
"788255",S999,S99999999,S99999999,S99999999,S92000003,"198001",,S99999999,"2712",S30000024,55.1323738098145,S99999999,,-4.90724897384644,S01012418,S01019752,S02002329,S02003658,S99999999,S00129209,S00175851,1A3,S99999999,"214759","1",S08000015,S12000028,"0585860",S13003094,S99999999,S99999999,KA260RZ,KA26 0RZ,KA26 0RZ,S14000107,S23000009,S99999999,"7",,S03000003,S22000064,"0",S34002617
"788256",S999,S99999999,S99999999,S99999999,S92000003,"198001",,S99999999,"2712",S30000024,55.1320838928223,S99999999,,-4.91148090362549,S01012418,S01019752,S02002329,S02003658,S99999999,S00129209,S00175851,1A3,S99999999,"214488","1",S08000015,S12000028,"0585839",S13003094,S99999999,S99999999,KA260SA,KA26 0SA,KA26 0SA,S14000107,S23000009,S99999999,"7",,S03000003,S22000064,"0",S34002617
"788257",S999,S99999999,S99999999,S99999999,S92000003,"198001",,S99999999,"2712",S30000024,55.1324882507324,S99999999,,-4.91118001937866,S01012418,S01019752,S02002329,S02003658,S99999999,S00129208,S00175850,1C1,S99999999,"214509","1",S08000015,S12000028,"0585883",S13003094,S99999999,S99999999,KA260SB,KA26 0SB,KA26 0SB,S14000107,S23000009,S99999999,"7",,S03000003,S22000064,"0",S34002617
"788258",S999,S99999999,S99999999,S99999999,S92000003,"198001",,S99999999,"2712",S30000024,55.1340599060059,S99999999,,-4.90776395797729,S01012418,S01019752,S02002329,S02003658,S99999999,S00129209,S00175851,1A3,S99999999,"214734","1",S08000015,S12000028,"0586049",S13003094,S99999999,S99999999,KA260SD,KA26 0SD,KA26 0SD,S14000107,S23000009,S99999999,"7",,S03000003,S22000064,"0",S34002617
"788259",S999,S99999999,S99999999,S99999999,S92000003,"198001",,S99999999,"2712",S30000024,55.1334228515625,S99999999,,-4.90473699569702,S01012418,S01019752,S02002329,S02003658,S99999999,S00129208,S00175850,1C1,S99999999,"214924","1",S08000015,S12000028,"0585970",S13003094,S99999999,S99999999,KA260SE,KA26 0SE,KA26 0SE,S14000107,S23000009,S99999999,"7",,S03000003,S22000064,"0",S34002617
"788260",S999,S99999999,S99999999,S99999999,S92000003,"198001",,S99999999,"2712",S30000024,55.1296844482422,S99999999,,-4.90396308898926,S01012418,S01019752,S02002329,S02003658,S99999999,S00129209,S00175851,1A3,S99999999,"214956","1",S08000015,S12000028,"0585552",S13003094,S99999999,S99999999,KA260SF,KA26 0SF,KA26 0SF,S14000107,S23000009,S99999999,"7",,S03000003,S22000064,"0",S34002617
"788261",S999,S99999999,S99999999,S99999999,S92000003,"198001",,S99999999,"2712",S30000024,55.1285247802734,S99999999,,-4.89630079269409,S01012418,S01019752,S02002329,S02003658,S99999999,S00129209,S00175851,1A3,S99999999,"215439","1",S08000015,S12000028,"0585403",S13003094,S99999999,S99999999,KA260SG,KA26 0SG,KA26 0SG,S14000107,S23000009,S99999999,"7",,S03000003,S22000064,"0",S34002617
"788262",S999,S99999999,S99999999,S99999999,S92000003,"198001",,S99999999,"2712",S30000024,55.1195220947266,S99999999,,-4.86300706863403,S01012418,S01019752,S02002329,S02003658,S99999999,S00129209,S00175851,1A3,S99999999,"217520","1",S08000015,S12000028,"0584314",S13003094,S99999999,S99999999,KA260SH,KA26 0SH,KA26 0SH,S14000107,S23000009,S99999999,"7",,S03000003,S22000064,"0",S34002617
"788263",S999,S99999999,S99999999,S99999999,S92000003,"198001",,S99999999,"2712",S30000024,55.1130523681641,S99999999,,-4.86684083938599,S01012418,S01019752,S02002329,S02003658,S99999999,S00129209,S00175851,1A3,S99999999,"217246","1",S08000015,S12000028,"0583604",S13003094,S99999999,S99999999,KA260SJ,KA26 0SJ,KA26 0SJ,S14000107,S23000009,S99999999,"7",,S03000003,S22000064,"0",S34002617
"788264",S999,S99999999,S99999999,S99999999,S92000003,"198001",,S99999999,"2712",S30000024,55.1384506225586,S99999999,,-4.81737899780273,S01012418,S01019752,S02002329,S02003658,S99999999,S00129205,S00175849,1A3,S99999999,"220514","1",S08000015,S12000028,"0586301",S13003094,S99999999,S99999999,KA260SL,KA26 0SL,KA26 0SL,S14000107,S23000009,S99999999,"7",,S03000003,S22000064,"0",S34002617
"788265",S999,S99999999,S99999999,S99999999,S92000003,"198001",,S99999999,"2712",S30000024,55.1346244812012,S99999999,,-4.81257486343384,S01012418,S01019752,S02002329,S02003658,S99999999,S00129205,S00175849,1A3,S99999999,"220803","1",S08000015,S12000028,"0585863",S13003094,S99999999,S99999999,KA260SN,KA26 0SN,KA26 0SN,S14000107,S23000009,S99999999,"7",,S03000003,S22000064,"0",S34002617
"788266",S999,S99999999,S99999999,S99999999,S92000003,"198001",,S99999999,"2712",S30000024,55.144718170166,S99999999,,-4.77453517913818,S01012418,S01019752,S02002329,S02003658,S99999999,S00129205,S00175849,1A3,S99999999,"223272","1",S08000015,S12000028,"0586889",S13003094,S99999999,S99999999,KA260SP,KA26 0SP,KA26 0SP,S14000107,S23000009,S99999999,"7",,S03000003,S22000064,"0",S34002617
"788267",S999,S99999999,S99999999,S99999999,S92000003,"198001",,S99999999,"2712",S30000024,55.1340827941895,S99999999,,-4.88377380371094,S01012418,S01019752,S02002329,S02003658,S99999999,S00129209,S00175851,1A3,S99999999,"216263","1",S08000015,S12000028,"0585988",S13003094,S99999999,S99999999,KA260SQ,KA26 0SQ,KA26 0SQ,S14000107,S23000009,S99999999,"7",,S03000003,S22000064,"0",S34002617
"788268",S999,S99999999,S99999999,S99999999,S92000003,"198001",,S99999999,"2712",S30000024,55.1410140991211,S99999999,,-4.67671394348145,S01012418,S01019752,S02002329,S02003658,S99999999,S00129205,S00175849,1A3,S99999999,"229489","1",S08000015,S12000028,"0586233",S13003094,S99999999,S99999999,KA260SR,KA26 0SR,KA26 0SR,S14000107,S23000009,S99999999,"7",,S03000003,S22000064,"0",S34002617
"788269",S999,S99999999,S99999999,S99999999,S92000003,"198001",,S99999999,"2712",S30000024,55.1354789733887,S99999999,,-4.80358123779297,S01012418,S01019752,S02002329,S02003658,S99999999,S00129205,S00175849,1A3,S99999999,"221380","1",S08000015,S12000028,"0585935",S13003094,S99999999,S99999999,KA260SW,KA26 0SW,KA26 0SW,S14000107,S23000009,S99999999,"7",,S03000003,S22000064,"0",S34002617
"788270",S999,S99999999,S99999999,S99999999,S92000003,"198001",,S99999999,"2922",S30000024,55.1601715087891,S99999999,,-4.82473611831665,S01012419,S01019753,S02002329,S02003658,S99999999,S00129204,S00175848,1A3,S99999999,"220143","1",S08000015,S12000028,"0588736",S13003094,S99999999,S99999999,KA260TA,KA26 0TA,KA26 0TA,S14000107,S23000009,S99999999,"7",,S03000003,S22000064,"0",S34002617
"788271",S999,S99999999,S99999999,S99999999,S92000003,"198001",,S99999999,"2922",S30000024,55.1681022644043,S99999999,,-4.82495212554932,S01012419,S01019753,S02002329,S02003658,S99999999,S00129203,S00175845,1A3,S99999999,"220165","1",S08000015,S12000028,"0589619",S13003094,S99999999,S99999999,KA260TB,KA26 0TB,KA26 0TB,S14000107,S23000009,S99999999,"7",,S03000003,S22000064,"0",S34002606
"788272",S999,S99999999,S99999999,S99999999,S92000003,"198001",,S99999999,"2922",S30000024,55.1743316650391,S99999999,,-4.81849813461304,S01012419,S01019753,S02002329,S02003658,S99999999,S00129204,S00175848,1A3,S99999999,"220604","1",S08000015,S12000028,"0590295",S13003094,S99999999,S99999999,KA260TD,KA26 0TD,KA26 0TD,S14000107,S23000009,S99999999,"7",,S03000003,S22000064,"0",S34002617
"788273",S999,S99999999,S99999999,S99999999,S92000003,"198001",,S99999999,"2922",S30000024,55.1854858398438,S99999999,,-4.76629209518433,S01012419,S01019753,S02002329,S02003658,S99999999,S00129204,S00175848,1A3,S99999999,"223977","1",S08000015,S12000028,"0591403",S13003094,S99999999,S99999999,KA260TE,KA26 0TE,KA26 0TE,S14000107,S23000009,S99999999,"7",,S03000003,S22000064,"0",S34002617
"788274",S999,S99999999,S99999999,S99999999,S92000003,"198001",,S99999999,"2922",S30000024,55.1859855651855,S99999999,,-4.7438759803772,S01012419,S01019753,S02002329,S02003658,S99999999,S00129971,S00175847,1B3,S99999999,"225406","1",S08000015,S12000028,"0591402",S13003094,S99999999,S99999999,KA260TF,KA26 0TF,KA26 0TF,S14000107,S23000009,S99999999,"7",,S03000003,S22000064,"0",S34002528
"788275",S999,S99999999,S99999999,S99999999,S92000003,"198001",,S99999999,"2922",S30000024,55.1946105957031,S99999999,,-4.75674200057983,S01012419,S01019753,S02002329,S02003658,S99999999,S00129204,S00175848,1A3,S99999999,"224625","1",S08000015,S12000028,"0592394",S13003094,S99999999,S99999999,KA260TG,KA26 0TG,KA26 0TG,S14000107,S23000009,S99999999,"7",,S03000003,S22000064,"0",S34002617
"788276",S999,S99999999,S99999999,S99999999,S92000003,"198001",,S99999999,"2922",S30000024,55.1905364990234,S99999999,,-4.73774719238281,S01012419,S01019753,S02002329,S02003658,S99999999,S00129971,S00175847,1B3,S99999999,"225816","1",S08000015,S12000028,"0591893",S13003094,S99999999,S99999999,KA260TH,KA26 0TH,KA26 0TH,S14000107,S23000009,S99999999,"7",,S03000003,S22000064,"0",S34002528
"788277",S999,S99999999,S99999999,S99999999,S92000003,"198001",,S99999999,"2922",S30000024,55.1990776062012,S99999999,,-4.73478078842163,S01012419,S01019753,S02002329,S02003658,S99999999,S00129971,S00175847,1B3,S99999999,"226042","1",S08000015,S12000028,"0592836",S13003094,S99999999,S99999999,KA260TJ,KA26 0TJ,KA26 0TJ,S14000107,S23000009,S99999999,"7",,S03000003,S22000064,"0",S34002528
"788278",S999,S99999999,S99999999,S99999999,S92000003,"198001",,S99999999,"2922",S30000024,55.1932907104492,S99999999,,-4.71457004547119,S01012419,S01019753,S02002329,S02003658,S99999999,S00129971,S00175847,1B3,S99999999,"227303","1",S08000015,S12000028,"0592142",S13003094,S99999999,S99999999,KA260TL,KA26 0TL,KA26 0TL,S14000107,S23000009,S99999999,"7",,S03000003,S22000064,"0",S34002528
"788279",S999,S99999999,S99999999,S99999999,S92000003,"198001",,S99999999,"2922",S30000024,55.1769371032715,S99999999,,-4.82086515426636,S01012419,S01019753,S02002329,S02003658,S99999999,S00129203,S00175845,1A3,S99999999,"220465","1",S08000015,S12000028,"0590591",S13003094,S99999999,S99999999,KA260TN,KA26 0TN,KA26 0TN,S14000107,S23000009,S99999999,"7",,S03000003,S22000064,"0",S34002606
"788280",S999,S99999999,S99999999,S99999999,S92000003,"198001",,S99999999,"2922",S30000024,55.1890525817871,S99999999,,-4.82354497909546,S01012419,S01019753,S02002329,S02003658,S99999999,S00129871,S00175788,1C2,S99999999,"220349","1",S08000015,S12000028,"0591946",S13003094,S99999999,S99999999,KA260TP,KA26 0TP,KA26 0TP,S14000107,S23000009,S99999999,"7",,S03000003,S22000064,"0",S34002606
"788281",S999,S99999999,S99999999,S99999999,S92000003,"198001",,S99999999,"2922",S30000024,55.1906623840332,S99999999,,-4.82235383987427,S01012419,S01019753,S02002329,S02003658,S99999999,S00129871,S00175788,1C2,S99999999,"220432","1",S08000015,S12000028,"0592122",S13003094,S99999999,S99999999,KA260TR,KA26 0TR,KA26 0TR,S14000107,S23000009,S99999999,"7",,S03000003,S22000064,"0",S34002606
"788282",S999,S99999999,S99999999,S99999999,S92000003,"198001",,S99999999,"2922",S30000024,55.2095565795898,S99999999,,-4.81636619567871,S01012419,S01019753,S02002329,S02003658,S99999999,S00129871,S00175788,1C2,S99999999,"220898","1",S08000015,S12000028,"0594208",S13003094,S99999999,S99999999,KA260TS,KA26 0TS,KA26 0TS,S14000107,S23000009,S99999999,"7",,S03000003,S22000064,"0",S34002606
"788283",S999,S99999999,S99999999,S99999999,S92000003,"199308",,S99999999,"2922",S30000024,55.209644317627,S99999999,,-4.78593683242798,S01012419,S01019753,S02002329,S02003658,S99999999,S00129871,S00175788,1C2,S99999999,"222834","1",S08000015,S12000028,"0594140",S13003094,S99999999,S99999999,KA260TT,KA26 0TT,KA26 0TT,S14000107,S23000009,S99999999,"7",,S03000003,S22000064,"0",S34002606
"788284",S999,S99999999,S99999999,S99999999,S92000003,"199409",,S99999999,"2922",S30000024,55.2105941772461,S99999999,,-4.76866292953491,S01012419,S01019753,S02002329,S02003658,S99999999,S00129871,S00175788,1C2,S99999999,"223937","1",S08000015,S12000028,"0594202",S13003094,S99999999,S99999999,KA260TU,KA26 0TU,KA26 0TU,S14000107,S23000009,S99999999,"7",,S03000003,S22000064,"0",S34002606
"788285",S999,S99999999,S99999999,S99999999,S92000003,"198001",,S99999999,"2922",S30000024,55.1752662658691,S99999999,,-4.81457376480103,S01012419,S01019753,S02002329,S02003658,S99999999,S00129203,S00175845,1A3,S99999999,"220858","1",S08000015,S12000028,"0590389",S13003094,S99999999,S99999999,KA260TW,KA26 0TW,KA26 0TW,S14000107,S23000009,S99999999,"7",,S03000003,S22000064,"0",S34002606
"788286",S999,S99999999,S99999999,S99999999,S92000003,"198001",,S99999999,"2922",S30000024,55.2286911010742,S99999999,,-4.7886528968811,S01012419,S01019753,S02002329,S02003658,S99999999,S00129871,S00175788,1C2,S99999999,"222746","1",S08000015,S12000028,"0596266",S13003094,S99999999,S99999999,KA260TX,KA26 0TX,KA26 0TX,S14000107,S23000009,S99999999,"7",,S03000003,S22000064,"0",S34002606
"788287",S999,S99999999,S99999999,S99999999,S92000003,"201105",,S99999999,"2922",S30000024,55.1603775024414,S99999999,,-4.82971286773682,S01012419,S01019753,S02002329,S02003658,S99999999,S00129204,S00175848,1A3,S99999999,"219827","1",S08000015,S12000028,"0588772",S13003094,S99999999,S99999999,KA260TZ,KA26 0TZ,KA26 0TZ,S14000107,S23000009,S99999999,"7",,S03000003,S22000064,"0",S34002617
"788309",S999,S99999999,S99999999,S99999999,S92000003,"200603",,S99999999,"2885",S30000024,55.3317718505859,S99999999,,-4.81886720657349,S01012422,S01019756,S02002329,S02003658,S99999999,S00129197,S00175757,8C1,S99999999,"221289","1",S08000015,S12000028,"0607810",S13003094,S99999999,S99999999,KA269BD,KA26 9BD,KA26 9BD,S14000107,S23000009,S99999999,"7",,S03000003,S22000064,"0",S34002559
"788353",S999,S99999999,S99999999,S99999999,S92000003,"199806",,S99999999,"2885",S30000024,55.2766265869141,S99999999,,-4.73612689971924,S01012422,S01019756,S02002329,S02003658,S99999999,S00129973,S00175773,1A3,S99999999,"226295","1",S08000015,S12000028,"0601466",S13003094,S99999999,S99999999,KA269GA,KA26 9GA,KA26 9GA,S14000107,S23000009,S99999999,"7",,S03000003,S22000064,"0",S34002565
"788354",S999,S99999999,S99999999,S99999999,S92000003,"199806",,S99999999,"2885",S30000024,55.2777557373047,S99999999,,-4.73702383041382,S01012422,S01019756,S02002329,S02003658,S99999999,S00129973,S00175773,1A3,S99999999,"226243","1",S08000015,S12000028,"0601594",S13003094,S99999999,S99999999,KA269GB,KA26 9GB,KA26 9GB,S14000107,S23000009,S99999999,"7",,S03000003,S22000064,"0",S34002565
"788368",S999,S99999999,S99999999,S99999999,S92000003,"199402",,S99999999,"2922",S30000024,55.251594543457,S99999999,,-4.84681701660156,S01012419,S01019753,S02002329,S02003658,S99999999,S00129867,S00175776,1A3,S99999999,"219152","1",S08000015,S12000028,"0598963",S13003094,S99999999,S99999999,KA269HZ,KA26 9HZ,KA26 9HZ,S14000107,S23000009,S99999999,"7",,S03000003,S22000064,"0",S34002528
"788371",S999,S99999999,S99999999,S99999999,S92000003,"198001",,S99999999,"2922",S30000024,55.2540283203125,S99999999,,-4.8472900390625,S01012419,S01019753,S02002329,S02003658,S99999999,S00129867,S00175776,1A3,S99999999,"219133","1",S08000015,S12000028,"0599235",S13003094,S99999999,S99999999,KA269JD,KA26 9JD,KA26 9JD,S14000107,S23000009,S99999999,"7",,S03000003,S22000064,"0",S34002528
"788372",S999,S99999999,S99999999,S99999999,S92000003,"198001",,S99999999,"2922",S30000024,55.2514038085938,S99999999,,-4.84485197067261,S01012419,S01019753,S02002329,S02003658,S99999999,S00129867,S00175776,1A3,S99999999,"219276","1",S08000015,S12000028,"0598937",S13003094,S99999999,S99999999,KA269JE,KA26 9JE,KA26 9JE,S14000107,S23000009,S99999999,"7",,S03000003,S22000064,"0",S34002528
"788374",S999,S99999999,S99999999,S99999999,S92000003,"198001",,S99999999,"2346",S30000024,55.2638168334961,S99999999,,-4.81981182098389,S01012421,S01019755,S02002329,S02003658,S99999999,S00129868,S00175777,1A1,S99999999,"220923","1",S08000015,S12000028,"0600253",S13003094,S99999999,S99999999,KA269JG,KA26 9JG,KA26 9JG,S14000107,S23000009,S99999999,"7",,S03000003,S22000064,"0",S34002528
"788375",S999,S99999999,S99999999,S99999999,S92000003,"198001",,S99999999,"2346",S30000024,55.273136138916,S99999999,,-4.83771419525146,S01012421,S01019755,S02002329,S02003658,S99999999,S00129868,S00175777,1A1,S99999999,"219828","1",S08000015,S12000028,"0601336",S13003094,S99999999,S99999999,KA269JH,KA26 9JH,KA26 9JH,S14000107,S23000009,S99999999,"7",,S03000003,S22000064,"0",S34002528
"788376",S999,S99999999,S99999999,S99999999,S92000003,"198001",,S99999999,"2346",S30000024,55.2836761474609,S99999999,,-4.81926679611206,S01012421,S01019755,S02002329,S02003658,S99999999,S00129199,S00175771,1B3,S99999999,"221047","1",S08000015,S12000028,"0602461",S13003094,S99999999,S99999999,KA269JJ,KA26 9JJ,KA26 9JJ,S14000107,S23000009,S99999999,"7",,S03000003,S22000064,"0",S34002528
"788377",S999,S99999999,S99999999,S99999999,S92000003,"198001",,S99999999,"2346",S30000024,55.2856178283691,S99999999,,-4.83293485641479,S01012421,S01019755,S02002329,S02003658,S99999999,S00129199,S00175771,1B3,S99999999,"220188","1",S08000015,S12000028,"0602712",S13003094,S99999999,S99999999,KA269JL,KA26 9JL,KA26 9JL,S14000107,S23000009,S99999999,"7",,S03000003,S22000064,"0",S34002528
"788378",S999,S99999999,S99999999,S99999999,S92000003,"198001",,S99999999,"2346",S30000024,55.2846946716309,S99999999,,-4.83512115478516,S01012421,S01019755,S02002329,S02003658,S99999999,S00129199,S00175771,1B3,S99999999,"220045","1",S08000015,S12000028,"0602615",S13003094,S99999999,S99999999,KA269JN,KA26 9JN,KA26 9JN,S14000107,S23000009,S99999999,"7",,S03000003,S22000064,"1",S34002528
"788379",S999,S99999999,S99999999,S99999999,S92000003,"198001",,S99999999,"2346",S30000024,55.2893371582031,S99999999,,-4.83181381225586,S01012421,S01019755,S02002329,S02003658,S99999999,S00129199,S00175771,1B3,S99999999,"220276","1",S08000015,S12000028,"0603123",S13003094,S99999999,S99999999,KA269JP,KA26 9JP,KA26 9JP,S14000107,S23000009,S99999999,"7",,S03000003,S22000064,"0",S34002528
"788380",S999,S99999999,S99999999,S99999999,S92000003,"198001",,S99999999,"2346",S30000024,55.2951354980469,S99999999,,-4.81782722473145,S01012421,S01019755,S02002329,S02003658,S99999999,S00129199,S00175771,1B3,S99999999,"221190","1",S08000015,S12000028,"0603732",S13003094,S99999999,S99999999,KA269JR,KA26 9JR,KA26 9JR,S14000107,S23000009,S99999999,"7",,S03000003,S22000064,"0",S34002528
"788381",S999,S99999999,S99999999,S99999999,S92000003,"198001",,S99999999,"2346",S30000024,55.300838470459,S99999999,,-4.81842088699341,S01012421,S01019755,S02002329,S02003658,S99999999,S00129198,S00175762,1C1,S99999999,"221178","1",S08000015,S12000028,"0604368",S13003094,S99999999,S99999999,KA269JS,KA26 9JS,KA26 9JS,S14000107,S23000009,S99999999,"7",,S03000003,S22000064,"0",S34002559
"788382",S999,S99999999,S99999999,S99999999,S92000003,"198001",,S99999999,"2346",S30000024,55.2945671081543,S99999999,,-4.80384492874146,S01012421,S01019755,S02002329,S02003658,S99999999,S00129199,S00175771,1B3,S99999999,"222075","1",S08000015,S12000028,"0603633",S13003094,S99999999,S99999999,KA269JT,KA26 9JT,KA26 9JT,S14000107,S23000009,S99999999,"7",,S03000003,S22000064,"0",S34002528
"788383",S999,S99999999,S99999999,S99999999,S92000003,"198001",,S99999999,"2885",S30000024,55.3029975891113,S99999999,,-4.77535104751587,S01012422,S01019756,S02002329,S02003658,S99999999,S00129973,S00175773,1A3,S99999999,"223921","1",S08000015,S12000028,"0604498",S13003094,S99999999,S99999999,KA269JU,KA26 9JU,KA26 9JU,S14000107,S23000009,S99999999,"7",,S03000003,S22000064,"0",S34002565
"788384",S999,S99999999,S99999999,S99999999,S92000003,"198001",,S99999999,"2346",S30000024,55.2910537719727,S99999999,,-4.83144807815552,S01012421,S01019755,S02002329,S02003658,S99999999,S00129199,S00175771,1B3,S99999999,"220307","1",S08000015,S12000028,"0603313",S13003094,S99999999,S99999999,KA269JW,KA26 9JW,KA26 9JW,S14000107,S23000009,S99999999,"7",,S03000003,S22000064,"0",S34002528
"788385",S999,S99999999,S99999999,S99999999,S92000003,"198001",,S99999999,"2346",S30000024,55.306339263916,S99999999,,-4.791090965271,S01012421,S01019755,S02002329,S02003658,S99999999,S00129199,S00175771,1B3,S99999999,"222937","1",S08000015,S12000028,"0604910",S13003094,S99999999,S99999999,KA269JX,KA26 9JX,KA26 9JX,S14000107,S23000009,S99999999,"7",,S03000003,S22000064,"0",S34002528
"788386",S999,S99999999,S99999999,S99999999,S92000003,"198001",,S99999999,"2885",S30000024,55.3003616333008,S99999999,,-4.7653980255127,S01012422,S01019756,S02002329,S02003658,S99999999,S00129973,S00175773,1A3,S99999999,"224541","1",S08000015,S12000028,"0604180",S13003094,S99999999,S99999999,KA269JY,KA26 9JY,KA26 9JY,S14000107,S23000009,S99999999,"7",,S03000003,S22000064,"0",S34002565
"788387",S999,S99999999,S99999999,S99999999,S92000003,"198001",,S99999999,"2885",S30000024,55.2956924438477,S99999999,,-4.76719999313354,S01012422,S01019756,S02002329,S02003658,S99999999,S00129973,S00175773,1A3,S99999999,"224406","1",S08000015,S12000028,"0603665",S13003094,S99999999,S99999999,KA269JZ,KA26 9JZ,KA26 9JZ,S14000107,S23000009,S99999999,"7",,S03000003,S22000064,"0",S34002565
"788388",S999,S99999999,S99999999,S99999999,S92000003,"198001",,S99999999,"2885",S30000024,55.2910766601562,S99999999,,-4.77919721603394,S01012422,S01019756,S02002329,S02003658,S99999999,S00129973,S00175773,1A3,S99999999,"223624","1",S08000015,S12000028,"0603182",S13003094,S99999999,S99999999,KA269LA,KA26 9LA,KA26 9LA,S14000107,S23000009,S99999999,"7",,S03000003,S22000064,"0",S34002565
"788389",S999,S99999999,S99999999,S99999999,S92000003,"198001",,S99999999,"2885",S30000024,55.2872886657715,S99999999,,-4.75771522521973,S01012422,S01019756,S02002329,S02003658,S99999999,S00129973,S00175773,1A3,S99999999,"224971","1",S08000015,S12000028,"0602706",S13003094,S99999999,S99999999,KA269LB,KA26 9LB,KA26 9LB,S14000107,S23000009,S99999999,"7",,S03000003,S22000064,"0",S34002565
"788390",S999,S99999999,S99999999,S99999999,S92000003,"198001",,S99999999,"2885",S30000024,55.2811622619629,S99999999,,-4.7527232170105,S01012422,S01019756,S02002329,S02003658,S99999999,S00129973,S00175773,1A3,S99999999,"225261","1",S08000015,S12000028,"0602012",S13003094,S99999999,S99999999,KA269LD,KA26 9LD,KA26 9LD,S14000107,S23000009,S99999999,"7",,S03000003,S22000064,"0",S34002565
"788391",S999,S99999999,S99999999,S99999999,S92000003,"198001",,S99999999,"2885",S30000024,55.284351348877,S99999999,,-4.7364068031311,S01012422,S01019756,S02002329,S02003658,S99999999,S00129973,S00175773,1A3,S99999999,"226311","1",S08000015,S12000028,"0602326",S13003094,S99999999,S99999999,KA269LE,KA26 9LE,KA26 9LE,S14000107,S23000009,S99999999,"7",,S03000003,S22000064,"0",S34002565
"788392",S999,S99999999,S99999999,S99999999,S92000003,"200209",,S99999999,"2346",S30000024,55.3095550537109,S99999999,,-4.82761287689209,S01012421,S01019755,S02002329,S02003658,S99999999,S00129200,S00175762,1A3,S99999999,"220634","1",S08000015,S12000028,"0605361",S13003094,S99999999,S99999999,KA269LG,KA26 9LG,KA26 9LG,S14000107,S23000009,S99999999,"7",,S03000003,S22000064,"0",S34002559
"788393",S999,S99999999,S99999999,S99999999,S92000003,"198001",,S99999999,"2922",S30000024,55.2610168457031,S99999999,,-4.84941101074219,S01012419,S01019753,S02002329,S02003658,S99999999,S00129867,S00175776,1A3,S99999999,"219030","1",S08000015,S12000028,"0600018",S13003094,S99999999,S99999999,KA269LL,KA26 9LL,KA26 9LL,S14000107,S23000009,S99999999,"7",,S03000003,S22000064,"0",S34002528
"788394",S999,S99999999,S99999999,S99999999,S92000003,"198001",,S99999999,"2346",S30000024,55.3030052185059,S99999999,,-4.83522987365723,S01012421,S01019755,S02002329,S02003658,S99999999,S00129198,S00175762,1C1,S99999999,"220121","1",S08000015,S12000028,"0604652",S13003094,S99999999,S99999999,KA269LN,KA26 9LN,KA26 9LN,S14000107,S23000009,S99999999,"7",,S03000003,S22000064,"0",S34002559
"788395",S999,S99999999,S99999999,S99999999,S92000003,"198001",,S99999999,"2346",S30000024,55.3087768554688,S99999999,,-4.8336877822876,S01012421,S01019755,S02002329,S02003658,S99999999,S00129198,S00175762,1C1,S99999999,"220245","1",S08000015,S12000028,"0605290",S13003094,S99999999,S99999999,KA269LP,KA26 9LP,KA26 9LP,S14000107,S23000009,S99999999,"7",,S03000003,S22000064,"0",S34002559
"788396",S999,S99999999,S99999999,S99999999,S92000003,"198001",,S99999999,"2346",S30000024,55.3078651428223,S99999999,,-4.82561683654785,S01012421,S01019755,S02002329,S02003658,S99999999,S00129200,S00175758,1A3,S99999999,"220753","1",S08000015,S12000028,"0605168",S13003094,S99999999,S99999999,KA269LR,KA26 9LR,KA26 9LR,S14000107,S23000009,S99999999,"7",,S03000003,S22000064,"0",S34002559
"788397",S999,S99999999,S99999999,S99999999,S92000003,"198001",,S99999999,"2346",S30000024,55.3114814758301,S99999999,,-4.83320283889771,S01012421,S01019755,S02002329,S02003658,S99999999,S00129198,S00175762,1C1,S99999999,"220288","1",S08000015,S12000028,"0605590",S13003094,S99999999,S99999999,KA269LS,KA26 9LS,KA26 9LS,S14000107,S23000009,S99999999,"7",,S03000003,S22000064,"0",S34002559
"788398",S999,S99999999,S99999999,S99999999,S92000003,"198001",,S99999999,"2346",S30000024,55.3140983581543,S99999999,,-4.82892894744873,S01012421,S01019755,S02002329,S02003658,S99999999,S00129198,S00175762,1C1,S99999999,"220571","1",S08000015,S12000028,"0605870",S13003094,S99999999,S99999999,KA269LT,KA26 9LT,KA26 9LT,S14000107,S23000009,S99999999,"7",,S03000003,S22000064,"1",S34002559
"788399",S999,S99999999,S99999999,S99999999,S92000003,"198001",,S99999999,"2346",S30000024,55.3073120117188,S99999999,,-4.83359909057617,S01012421,S01019755,S02002329,S02003658,S99999999,S00129198,S00175762,1C1,S99999999,"220244","1",S08000015,S12000028,"0605127",S13003094,S99999999,S99999999,KA269LW,KA26 9LW,KA26 9LW,S14000107,S23000009,S99999999,"7",,S03000003,S22000064,"0",S34002559
"788400",S999,S99999999,S99999999,S99999999,S92000003,"198001",,S99999999,"2346",S30000024,55.3107795715332,S99999999,,-4.83179807662964,S01012421,S01019755,S02002329,S02003658,S99999999,S00129198,S00175762,1C1,S99999999,"220374","1",S08000015,S12000028,"0605508",S13003094,S99999999,S99999999,KA269LX,KA26 9LX,KA26 9LX,S14000107,S23000009,S99999999,"7",,S03000003,S22000064,"0",S34002559
"788401",S999,S99999999,S99999999,S99999999,S92000003,"198001",,S99999999,"2346",S30000024,55.3110733032227,S99999999,,-4.83142518997192,S01012421,S01019755,S02002329,S02003658,S99999999,S00129198,S00175762,1C1,S99999999,"220399","1",S08000015,S12000028,"0605540",S13003094,S99999999,S99999999,KA269LY,KA26 9LY,KA26 9LY,S14000107,S23000009,S99999999,"7",,S03000003,S22000064,"0",S34002559
"788402",S999,S99999999,S99999999,S99999999,S92000003,"198001",,S99999999,"2346",S30000024,55.310661315918,S99999999,,-4.82677698135376,S01012421,S01019755,S02002329,S02003658,S99999999,S00129198,S00175762,1C1,S99999999,"220692","1",S08000015,S12000028,"0605482",S13003094,S99999999,S99999999,KA269NA,KA26 9NA,KA26 9NA,S14000107,S23000009,S99999999,"7",,S03000003,S22000064,"0",S34002559
"788403",S999,S99999999,S99999999,S99999999,S92000003,"198001",,S99999999,"2346",S30000024,55.3113212585449,S99999999,,-4.79257583618164,S01012421,S01019755,S02002329,S02003658,S99999999,S00129199,S00175771,1B3,S99999999,"222865","1",S08000015,S12000028,"0605468",S13003094,S99999999,S99999999,KA269NB,KA26 9NB,KA26 9NB,S14000107,S23000009,S99999999,"7",,S03000003,S22000064,"0",S34002528
"788404",S999,S99999999,S99999999,S99999999,S92000003,"198001",,S99999999,"2346",S30000024,55.3176803588867,S99999999,,-4.80189800262451,S01012421,S01019755,S02002329,S02003658,S99999999,S00129200,S00175758,1A3,S99999999,"222302","1",S08000015,S12000028,"0606199",S13003094,S99999999,S99999999,KA269ND,KA26 9ND,KA26 9ND,S14000107,S23000009,S99999999,"7",,S03000003,S22000064,"0",S34002559
"788405",S999,S99999999,S99999999,S99999999,S92000003,"198001",,S99999999,"2346",S30000024,55.3197975158691,S99999999,,-4.80482196807861,S01012421,S01019755,S02002329,S02003658,S99999999,S00129200,S00175758,1A3,S99999999,"222126","1",S08000015,S12000028,"0606442",S13003094,S99999999,S99999999,KA269NE,KA26 9NE,KA26 9NE,S14000107,S23000009,S99999999,"7",,S03000003,S22000064,"0",S34002559
"788406",S999,S99999999,S99999999,S99999999,S92000003,"198001",,S99999999,"2346",S30000024,55.333122253418,S99999999,,-4.80617380142212,S01012421,S01019755,S02002329,S02003658,S99999999,S00129200,S00175758,1A3,S99999999,"222100","1",S08000015,S12000028,"0607928",S13003094,S99999999,S99999999,KA269NF,KA26 9NF,KA26 9NF,S14000107,S23000009,S99999999,"7",,S03000003,S22000064,"0",S34002559
"788407",S999,S99999999,S99999999,S99999999,S92000003,"198001",,S99999999,"2885",S30000024,55.3326034545898,S99999999,,-4.81201887130737,S01012422,S01019756,S02002329,S02003658,S99999999,S00129969,S00175761,1C2,S99999999,"221727","1",S08000015,S12000028,"0607885",S13003094,S99999999,S99999999,KA269NH,KA26 9NH,KA26 9NH,S14000107,S23000009,S99999999,"7",,S03000003,S22000064,"0",S34002559
"788408",S999,S99999999,S99999999,S99999999,S92000003,"198001",,S99999999,"2885",S30000024,55.3322601318359,S99999999,,-4.81719779968262,S01012422,S01019756,S02002329,S02003658,S99999999,S00129969,S00175761,1C2,S99999999,"221397","1",S08000015,S12000028,"0607860",S13003094,S99999999,S99999999,KA269NJ,KA26 9NJ,KA26 9NJ,S14000107,S23000009,S99999999,"7",,S03000003,S22000064,"0",S34002559
"788409",S999,S99999999,S99999999,S99999999,S92000003,"198001",,S99999999,"2885",S30000024,55.3311996459961,S99999999,,-4.81917285919189,S01012422,S01019756,S02002329,S02003658,S99999999,S00129197,S00175757,8C1,S99999999,"221267","1",S08000015,S12000028,"0607747",S13003094,S99999999,S99999999,KA269NL,KA26 9NL,KA26 9NL,S14000107,S23000009,S99999999,"7",,S03000003,S22000064,"0",S34002559
"788410",S999,S99999999,S99999999,S99999999,S92000003,"198001",,S99999999,"2885",S30000024,55.3318901062012,S99999999,,-4.82078313827515,S01012422,S01019756,S02002329,S02003658,S99999999,S00129197,S00175757,8C1,S99999999,"221168","1",S08000015,S12000028,"0607828",S13003094,S99999999,S99999999,KA269NN,KA26 9NN,KA26 9NN,S14000107,S23000009,S99999999,"7",,S03000003,S22000064,"0",S34002559
"788411",S999,S99999999,S99999999,S99999999,S92000003,"198001",,S99999999,"2346",S30000024,55.3315010070801,S99999999,,-4.82400417327881,S01012421,S01019756,S02002329,S02003658,S99999999,S00129196,S00175763,7C3,S99999999,"220962","1",S08000015,S12000028,"0607793",S13003094,S99999999,S99999999,KA269NP,KA26 9NP,KA26 9NP,S14000107,S23000009,S99999999,"7",,S03000003,S22000064,"0",S34002559
"788412",S999,S99999999,S99999999,S99999999,S92000003,"198001",,S99999999,"2346",S30000024,55.3258438110352,S99999999,,-4.81625413894653,S01012421,S01019755,S02002329,S02003658,S99999999,S00129200,S00175758,1A3,S99999999,"221428","1",S08000015,S12000028,"0607144",S13003094,S99999999,S99999999,KA269NQ,KA26 9NQ,KA26 9NQ,S14000107,S23000009,S99999999,"7",,S03000003,S22000064,"0",S34002559
"788413",S999,S99999999,S99999999,S99999999,S92000003,"198001",,S99999999,"2885",S30000024,55.3321304321289,S99999999,,-4.82321310043335,S01012422,S01019756,S02002329,S02003658,S99999999,S00129197,S00175757,8C1,S99999999,"221015","1",S08000015,S12000028,"0607861",S13003094,S99999999,S99999999,KA269NR,KA26 9NR,KA26 9NR,S14000107,S23000009,S99999999,"7",,S03000003,S22000064,"0",S34002559
"788414",S999,S99999999,S99999999,S99999999,S92000003,"198001",,S99999999,"2885",S30000024,55.3355598449707,S99999999,,-4.81407308578491,S01012422,S01019756,S02002329,S02003658,S99999999,S00129969,S00175756,1C2,S99999999,"221610","1",S08000015,S12000028,"0608219",S13003094,S99999999,S99999999,KA269NS,KA26 9NS,KA26 9NS,S14000107,S23000009,S99999999,"7",,S03000003,S22000064,"0",S34002559
"788415",S999,S99999999,S99999999,S99999999,S92000003,"198001",,S99999999,"2885",S30000024,55.3358383178711,S99999999,,-4.81237411499023,S01012422,S01019756,S02002329,S02003658,S99999999,S00129969,S00175761,1C2,S99999999,"221719","1",S08000015,S12000028,"0608246",S13003094,S99999999,S99999999,KA269NT,KA26 9NT,KA26 9NT,S14000107,S23000009,S99999999,"7",,S03000003,S22000064,"0",S34002559
"788416",S999,S99999999,S99999999,S99999999,S92000003,"198001",,S99999999,"2885",S30000024,55.3350257873535,S99999999,,-4.81378316879272,S01012422,S01019756,S02002329,S02003658,S99999999,S00129969,S00175761,1C2,S99999999,"221626","1",S08000015,S12000028,"0608159",S13003094,S99999999,S99999999,KA269NU,KA26 9NU,KA26 9NU,S14000107,S23000009,S99999999,"7",,S03000003,S22000064,"0",S34002559
"788417",S999,S99999999,S99999999,S99999999,S92000003,"198001",,S99999999,"2885",S30000024,55.3367042541504,S99999999,,-4.81032180786133,S01012422,S01019756,S02002329,S02003658,S99999999,S00129969,S00175756,1C2,S99999999,"221853","1",S08000015,S12000028,"0608337",S13003094,S99999999,S99999999,KA269NX,KA26 9NX,KA26 9NX,S14000107,S23000009,S99999999,"7",,S03000003,S22000064,"0",S34002559
"788418",S999,S99999999,S99999999,S99999999,S92000003,"201401",,S99999999,"2885",S30000024,55.3340911865234,S99999999,,-4.81447410583496,S01012422,S01019756,S02002329,S02003658,S99999999,S00129969,S00175761,1C2,S99999999,"221578","1",S08000015,S12000028,"0608057",S13003094,S99999999,S99999999,KA269NZ,KA26 9NZ,KA26 9NZ,S14000107,S23000009,S99999999,"7",,S03000003,S22000064,"0",S34002559
"788419",S999,S99999999,S99999999,S99999999,S92000003,"198001",,S99999999,"2346",S30000024,55.3305969238281,S99999999,,-4.82412910461426,S01012421,S01019756,S02002329,S02003658,S99999999,S00129196,S00175763,7C3,S99999999,"220950","1",S08000015,S12000028,"0607693",S13003094,S99999999,S99999999,KA269PB,KA26 9PB,KA26 9PB,S14000107,S23000009,S99999999,"7",,S03000003,S22000064,"0",S34002559
"788420",S999,S99999999,S99999999,S99999999,S92000003,"198001",,S99999999,"2885",S30000024,55.3326683044434,S99999999,,-4.82862901687622,S01012422,S01019756,S02002329,S02003658,S99999999,S00129197,S00175757,8C1,S99999999,"220674","1",S08000015,S12000028,"0607935",S13003094,S99999999,S99999999,KA269PD,KA26 9PD,KA26 9PD,S14000107,S23000009,S99999999,"7",,S03000003,S22000064,"0",S34002559
"788421",S999,S99999999,S99999999,S99999999,S92000003,"198107",,S99999999,"2922",S30000024,55.2630424499512,S99999999,,-4.83466386795044,S01012419,S01019753,S02002329,S02003658,S99999999,S00129867,S00175776,1A3,S99999999,"219976","1",S08000015,S12000028,"0600205",S13003094,S99999999,S99999999,KA269PF,KA26 9PF,KA26 9PF,S14000107,S23000009,S99999999,"7",,S03000003,S22000064,"0",S34002528
"788422",S999,S99999999,S99999999,S99999999,S92000003,"198001",,S99999999,"2922",S30000024,55.2427291870117,S99999999,,-4.8325572013855,S01012419,S01019753,S02002329,S02003658,S99999999,S00129867,S00175776,1A3,S99999999,"220018","1",S08000015,S12000028,"0597940",S13003094,S99999999,S99999999,KA269PH,KA26 9PH,KA26 9PH,S14000107,S23000009,S99999999,"7",,S03000003,S22000064,"0",S34002528
"788423",S999,S99999999,S99999999,S99999999,S92000003,"198001",,S99999999,"2922",S30000024,55.251033782959,S99999999,,-4.83185815811157,S01012419,S01019753,S02002329,S02003658,S99999999,S00129867,S00175776,1A3,S99999999,"220100","1",S08000015,S12000028,"0598862",S13003094,S99999999,S99999999,KA269PJ,KA26 9PJ,KA26 9PJ,S14000107,S23000009,S99999999,"7",,S03000003,S22000064,"0",S34002528
"788424",S999,S99999999,S99999999,S99999999,S92000003,"198001",,S99999999,"2922",S30000024,55.2631950378418,S99999999,,-4.83266019821167,S01012419,S01019753,S02002329,S02003658,S99999999,S00129867,S00175776,1A3,S99999999,"220104","1",S08000015,S12000028,"0600217",S13003094,S99999999,S99999999,KA269PL,KA26 9PL,KA26 9PL,S14000107,S23000009,S99999999,"7",,S03000003,S22000064,"0",S34002528
"788425",S999,S99999999,S99999999,S99999999,S92000003,"198001",,S99999999,"2922",S30000024,55.2607154846191,S99999999,,-4.83339691162109,S01012419,S01019753,S02002329,S02003658,S99999999,S00129867,S00175776,1A3,S99999999,"220046","1",S08000015,S12000028,"0599943",S13003094,S99999999,S99999999,KA269PT,KA26 9PT,KA26 9PT,S14000107,S23000009,S99999999,"7",,S03000003,S22000064,"1",S34002528
"788426",S999,S99999999,S99999999,S99999999,S92000003,"198001",,S99999999,"2346",S30000024,55.2596588134766,S99999999,,-4.8273401260376,S01012421,S01019755,S02002329,S02003658,S99999999,S00129868,S00175777,1A1,S99999999,"220426","1",S08000015,S12000028,"0599810",S13003094,S99999999,S99999999,KA269PY,KA26 9PY,KA26 9PY,S14000107,S23000009,S99999999,"7",,S03000003,S22000064,"0",S34002528
"788427",S999,S99999999,S99999999,S99999999,S92000003,"198001",,S99999999,"2346",S30000024,55.2597274780273,S99999999,,-4.80919694900513,S01012421,S01019755,S02002329,S02003658,S99999999,S00129868,S00175777,1A1,S99999999,"221579","1",S08000015,S12000028,"0599771",S13003094,S99999999,S99999999,KA269PZ,KA26 9PZ,KA26 9PZ,S14000107,S23000009,S99999999,"7",,S03000003,S22000064,"0",S34002528
"788428",S999,S99999999,S99999999,S99999999,S92000003,"198001",,S99999999,"2401",S30000024,55.2629852294922,S99999999,,-4.81255912780762,S01012420,S01019754,S02002329,S02003658,S99999999,S00129972,S00175775,1B3,S99999999,"221380","1",S08000015,S12000028,"0600142",S13003094,S99999999,S99999999,KA269QA,KA26 9QA,KA26 9QA,S14000107,S23000009,S99999999,"7",,S03000003,S22000064,"0",S34002580
"788429",S999,S99999999,S99999999,S99999999,S92000003,"198001",,S99999999,"2401",S30000024,55.2648773193359,S99999999,,-4.81631422042847,S01012420,S01019754,S02002329,S02003658,S99999999,S00129972,S00175775,1B3,S99999999,"221150","1",S08000015,S12000028,"0600362",S13003094,S99999999,S99999999,KA269QB,KA26 9QB,KA26 9QB,S14000107,S23000009,S99999999,"7",,S03000003,S22000064,"1",S34002580
"788430",S999,S99999999,S99999999,S99999999,S92000003,"198001",,S99999999,"2401",S30000024,55.2676887512207,S99999999,,-4.80475187301636,S01012420,S01019754,S02002329,S02003658,S99999999,S00129972,S00175775,1B3,S99999999,"221897","1",S08000015,S12000028,"0600645",S13003094,S99999999,S99999999,KA269QD,KA26 9QD,KA26 9QD,S14000107,S23000009,S99999999,"7",,S03000003,S22000064,"0",S34002580
"788431",S999,S99999999,S99999999,S99999999,S92000003,"198001",,S99999999,"2401",S30000024,55.2688865661621,S99999999,,-4.79238319396973,S01012420,S01019754,S02002329,S02003658,S99999999,S00129972,S00175775,1B3,S99999999,"222688","1",S08000015,S12000028,"0600747",S13003094,S99999999,S99999999,KA269QE,KA26 9QE,KA26 9QE,S14000107,S23000009,S99999999,"7",,S03000003,S22000064,"0",S34002580
"788432",S999,S99999999,S99999999,S99999999,S92000003,"198001",,S99999999,"2401",S30000024,55.2669830322266,S99999999,,-4.79900312423706,S01012420,S01019754,S02002329,S02003658,S99999999,S00129972,S00175775,1B3,S99999999,"222259","1",S08000015,S12000028,"0600552",S13003094,S99999999,S99999999,KA269QF,KA26 9QF,KA26 9QF,S14000107,S23000009,S99999999,"7",,S03000003,S22000064,"0",S34002580
"788433",S999,S99999999,S99999999,S99999999,S92000003,"198001",,S99999999,"2401",S30000024,55.2739868164062,S99999999,,-4.77779817581177,S01012420,S01019754,S02002329,S02003658,S99999999,S00129972,S00175775,1B3,S99999999,"223637","1",S08000015,S12000028,"0601277",S13003094,S99999999,S99999999,KA269QG,KA26 9QG,KA26 9QG,S14000107,S23000009,S99999999,"7",,S03000003,S22000064,"0",S34002580
"788434",S999,S99999999,S99999999,S99999999,S92000003,"198001",,S99999999,"2885",S30000024,55.2817687988281,S99999999,,-4.74092197418213,S01012422,S01019756,S02002329,S02003658,S99999999,S00129973,S00175773,1A3,S99999999,"226013","1",S08000015,S12000028,"0602050",S13003094,S99999999,S99999999,KA269QH,KA26 9QH,KA26 9QH,S14000107,S23000009,S99999999,"7",,S03000003,S22000064,"0",S34002565
"788435",S999,S99999999,S99999999,S99999999,S92000003,"198001",,S99999999,"2885",S30000024,55.285099029541,S99999999,,-4.73264694213867,S01012422,S01019756,S02002329,S02003658,S99999999,S00129973,S00175773,1A3,S99999999,"226553","1",S08000015,S12000028,"0602400",S13003094,S99999999,S99999999,KA269QJ,KA26 9QJ,KA26 9QJ,S14000107,S23000009,S99999999,"7",,S03000003,S22000064,"0",S34002565
"788436",S999,S99999999,S99999999,S99999999,S92000003,"198001",,S99999999,"2401",S30000024,55.2646064758301,S99999999,,-4.7687840461731,S01012420,S01019754,S02002329,S02003658,S99999999,S00129972,S00175775,1B3,S99999999,"224168","1",S08000015,S12000028,"0600211",S13003094,S99999999,S99999999,KA269QL,KA26 9QL,KA26 9QL,S14000107,S23000009,S99999999,"7",,S03000003,S22000064,"0",S34002580
"788437",S999,S99999999,S99999999,S99999999,S92000003,"199406",,S99999999,"2401",S30000024,55.2678718566895,S99999999,,-4.74684476852417,S01012420,S01019754,S02002329,S02003658,S99999999,S00129972,S00175775,1B3,S99999999,"225576","1",S08000015,S12000028,"0600519",S13003094,S99999999,S99999999,KA269QN,KA26 9QN,KA26 9QN,S14000107,S23000009,S99999999,"7",,S03000003,S22000064,"0",S34002580
"788438",S999,S99999999,S99999999,S99999999,S92000003,"198001",,S99999999,"2401",S30000024,55.2814064025879,S99999999,,-4.77674198150635,S01012420,S01019754,S02002329,S02003658,S99999999,S00129972,S00175775,1B3,S99999999,"223737","1",S08000015,S12000028,"0602100",S13003094,S99999999,S99999999,KA269QQ,KA26 9QQ,KA26 9QQ,S14000107,S23000009,S99999999,"7",,S03000003,S22000064,"0",S34002580
"788439",S999,S99999999,S99999999,S99999999,S92000003,"198001",,S99999999,"2885",S30000024,55.288932800293,S99999999,,-4.72254514694214,S01012422,S01019756,S02002329,S02003658,S99999999,S00129973,S00175773,1A3,S99999999,"227211","1",S08000015,S12000028,"0602801",S13003094,S99999999,S99999999,KA269QW,KA26 9QW,KA26 9QW,S14000107,S23000009,S99999999,"7",,S03000003,S22000064,"0",S34002565
"788440",S999,S99999999,S99999999,S99999999,S92000003,"198001",,S99999999,"2922",S30000024,55.2519035339355,S99999999,,-4.81101989746094,S01012419,S01019753,S02002329,S02003658,S99999999,S00129867,S00175776,1A3,S99999999,"221428","1",S08000015,S12000028,"0598905",S13003094,S99999999,S99999999,KA269RA,KA26 9RA,KA26 9RA,S14000107,S23000009,S99999999,"7",,S03000003,S22000064,"0",S34002528
"788441",S999,S99999999,S99999999,S99999999,S92000003,"198001",,S99999999,"2922",S30000024,55.2554206848145,S99999999,,-4.79472780227661,S01012419,S01019753,S02002329,S02003658,S99999999,S00129867,S00175776,1A3,S99999999,"222479","1",S08000015,S12000028,"0599255",S13003094,S99999999,S99999999,KA269RB,KA26 9RB,KA26 9RB,S14000107,S23000009,S99999999,"7",,S03000003,S22000064,"0",S34002528
"788442",S999,S99999999,S99999999,S99999999,S92000003,"198001",,S99999999,"2346",S30000024,55.2577133178711,S99999999,,-4.79196119308472,S01012421,S01019755,S02002329,S02003658,S99999999,S00129868,S00175777,1A1,S99999999,"222665","1",S08000015,S12000028,"0599503",S13003094,S99999999,S99999999,KA269RD,KA26 9RD,KA26 9RD,S14000107,S23000009,S99999999,"7",,S03000003,S22000064,"0",S34002528
"788443",S999,S99999999,S99999999,S99999999,S92000003,"198001",,S99999999,"2401",S30000024,55.263916015625,S99999999,,-4.78057384490967,S01012420,S01019754,S02002329,S02003658,S99999999,S00129972,S00175775,1B3,S99999999,"223416","1",S08000015,S12000028,"0600164",S13003094,S99999999,S99999999,KA269RE,KA26 9RE,KA26 9RE,S14000107,S23000009,S99999999,"7",,S03000003,S22000064,"0",S34002580
"788444",S999,S99999999,S99999999,S99999999,S92000003,"198001",,S99999999,"2401",S30000024,55.2610015869141,S99999999,,-4.77601003646851,S01012420,S01019754,S02002329,S02003658,S99999999,S00129972,S00175775,1B3,S99999999,"223693","1",S08000015,S12000028,"0599828",S13003094,S99999999,S99999999,KA269RF,KA26 9RF,KA26 9RF,S14000107,S23000009,S99999999,"7",,S03000003,S22000064,"0",S34002580
"788445",S999,S99999999,S99999999,S99999999,S92000003,"198001",,S99999999,"2401",S30000024,55.2649765014648,S99999999,,-4.76520490646362,S01012420,S01019754,S02002329,S02003658,S99999999,S00129972,S00175775,1B3,S99999999,"224397","1",S08000015,S12000028,"0600243",S13003094,S99999999,S99999999,KA269RG,KA26 9RG,KA26 9RG,S14000107,S23000009,S99999999,"7",,S03000003,S22000064,"0",S34002580
"788446",S999,S99999999,S99999999,S99999999,S92000003,"198001",,S99999999,"2401",S30000024,55.2681999206543,S99999999,,-4.73709011077881,S01012420,S01019754,S02002329,S02003658,S99999999,S00129972,S00175775,1B3,S99999999,"226197","1",S08000015,S12000028,"0600531",S13003094,S99999999,S99999999,KA269RH,KA26 9RH,KA26 9RH,S14000107,S23000009,S99999999,"7",,S03000003,S22000064,"0",S34002580
"788447",S999,S99999999,S99999999,S99999999,S92000003,"198001",,S99999999,"2401",S30000024,55.2758178710938,S99999999,,-4.71155405044556,S01012420,S01019754,S02002329,S02003658,S99999999,S00129972,S00175775,1B3,S99999999,"227852","1",S08000015,S12000028,"0601315",S13003094,S99999999,S99999999,KA269RL,KA26 9RL,KA26 9RL,S14000107,S23000009,S99999999,"7",,S03000003,S22000064,"0",S34002580
"788448",S999,S99999999,S99999999,S99999999,S92000003,"198001",,S99999999,"2922",S30000024,55.2819595336914,S99999999,,-4.71233510971069,S01012419,S01019753,S02002329,S02003658,S99999999,S00129867,S00175776,1A3,S99999999,"227829","1",S08000015,S12000028,"0602000",S13003094,S99999999,S99999999,KA269RN,KA26 9RN,KA26 9RN,S14000107,S23000009,S99999999,"7",,S03000003,S22000064,"0",S34002528
"788449",S999,S99999999,S99999999,S99999999,S92000003,"198001",,S99999999,"2922",S30000024,55.2716598510742,S99999999,,-4.68130922317505,S01012419,S01019753,S02002329,S02003658,S99999999,S00129867,S00175776,1A3,S99999999,"229755","1",S08000015,S12000028,"0600778",S13003094,S99999999,S99999999,KA269RP,KA26 9RP,KA26 9RP,S14000107,S23000009,S99999999,"7",,S03000003,S22000064,"0",S34002528
"788450",S999,S99999999,S99999999,S99999999,S92000003,"198001",,S99999999,"2922",S30000024,55.2585678100586,S99999999,,-4.69004392623901,S01012419,S01019753,S02002329,S02003658,S99999999,S00129867,S00175776,1A3,S99999999,"229144","1",S08000015,S12000028,"0599343",S13003094,S99999999,S99999999,KA269RR,KA26 9RR,KA26 9RR,S14000107,S23000009,S99999999,"7",,S03000003,S22000064,"0",S34002528
"788451",S999,S99999999,S99999999,S99999999,S92000003,"198001",,S99999999,"2401",S30000024,55.2663307189941,S99999999,,-4.71539402008057,S01012420,S01019754,S02002329,S02003658,S99999999,S00129972,S00175775,1B3,S99999999,"227567","1",S08000015,S12000028,"0600269",S13003094,S99999999,S99999999,KA269RS,KA26 9RS,KA26 9RS,S14000107,S23000009,S99999999,"7",,S03000003,S22000064,"0",S34002580
"788452",S999,S99999999,S99999999,S99999999,S92000003,"198001",,S99999999,"2922",S30000024,55.2770652770996,S99999999,,-4.69612884521484,S01012419,S01019753,S02002329,S02003658,S99999999,S00129867,S00175776,1A3,S99999999,"228837","1",S08000015,S12000028,"0601416",S13003094,S99999999,S99999999,KA269RW,KA26 9RW,KA26 9RW,S14000107,S23000009,S99999999,"7",,S03000003,S22000064,"0",S34002528
"788453",S999,S99999999,S99999999,S99999999,S92000003,"198001",,S99999999,"2885",S30000024,55.2782974243164,S99999999,,-4.72175407409668,S01012422,S01019754,S02002329,S02003658,S99999999,S00129263,S00175778,8A2,S99999999,"227215","1",S08000015,S12000028,"0601616",S13003094,S99999999,S99999999,KA269SA,KA26 9SA,KA26 9SA,S14000107,S23000009,S99999999,"7",,S03000003,S22000064,"0",S34002580
"788454",S999,S99999999,S99999999,S99999999,S92000003,"198001",,S99999999,"2401",S30000024,55.2773246765137,S99999999,,-4.7267107963562,S01012420,S01019754,S02002329,S02003658,S99999999,S00129262,S00175779,7C3,S99999999,"226896","1",S08000015,S12000028,"0601520",S13003094,S99999999,S99999999,KA269SB,KA26 9SB,KA26 9SB,S14000107,S23000009,S99999999,"7",,S03000003,S22000064,"0",S34002580
"788455",S999,S99999999,S99999999,S99999999,S92000003,"198001",,S99999999,"2885",S30000024,55.2780990600586,S99999999,,-4.72536277770996,S01012422,S01019754,S02002329,S02003658,S99999999,S00129263,S00175778,8A2,S99999999,"226985","1",S08000015,S12000028,"0601603",S13003094,S99999999,S99999999,KA269SD,KA26 9SD,KA26 9SD,S14000107,S23000009,S99999999,"7",,S03000003,S22000064,"0",S34002580
"788456",S999,S99999999,S99999999,S99999999,S92000003,"198001",,S99999999,"2401",S30000024,55.2758369445801,S99999999,,-4.72964811325073,S01012420,S01019754,S02002329,S02003658,S99999999,S00129262,S00175779,7C3,S99999999,"226703","1",S08000015,S12000028,"0601362",S13003094,S99999999,S99999999,KA269SE,KA26 9SE,KA26 9SE,S14000107,S23000009,S99999999,"7",,S03000003,S22000064,"0",S34002580
"788457",S999,S99999999,S99999999,S99999999,S92000003,"198001",,S99999999,"2401",S30000024,55.2759780883789,S99999999,,-4.72852420806885,S01012420,S01019754,S02002329,S02003658,S99999999,S00129873,S00175780,8C2,S99999999,"226775","1",S08000015,S12000028,"0601375",S13003094,S99999999,S99999999,KA269SF,KA26 9SF,KA26 9SF,S14000107,S23000009,S99999999,"7",,S03000003,S22000064,"0",S34002580
"788458",S999,S99999999,S99999999,S99999999,S92000003,"198001",,S99999999,"2401",S30000024,55.2752799987793,S99999999,,-4.72957801818848,S01012420,S01019754,S02002329,S02003658,S99999999,S00129262,S00175779,7C3,S99999999,"226705","1",S08000015,S12000028,"0601300",S13003094,S99999999,S99999999,KA269SG,KA26 9SG,KA26 9SG,S14000107,S23000009,S99999999,"7",,S03000003,S22000064,"0",S34002580
"788459",S999,S99999999,S99999999,S99999999,S92000003,"198001",,S99999999,"2401",S30000024,55.2762145996094,S99999999,,-4.72638320922852,S01012420,S01019754,S02002329,S02003658,S99999999,S00129873,S00175780,8C2,S99999999,"226912","1",S08000015,S12000028,"0601396",S13003094,S99999999,S99999999,KA269SH,KA26 9SH,KA26 9SH,S14000107,S23000009,S99999999,"7",,S03000003,S22000064,"0",S34002580
"788460",S999,S99999999,S99999999,S99999999,S92000003,"198001",,S99999999,"2401",S30000024,55.2768707275391,S99999999,,-4.72594022750854,S01012420,S01019754,S02002329,S02003658,S99999999,S00129873,S00175780,8C2,S99999999,"226943","1",S08000015,S12000028,"0601468",S13003094,S99999999,S99999999,KA269SJ,KA26 9SJ,KA26 9SJ,S14000107,S23000009,S99999999,"7",,S03000003,S22000064,"1",S34002580
"788461",S999,S99999999,S99999999,S99999999,S92000003,"198001",,S99999999,"2401",S30000024,55.2775535583496,S99999999,,-4.7247428894043,S01012420,S01019754,S02002329,S02003658,S99999999,S00129873,S00175780,8C2,S99999999,"227022","1",S08000015,S12000028,"0601541",S13003094,S99999999,S99999999,KA269SN,KA26 9SN,KA26 9SN,S14000107,S23000009,S99999999,"7",,S03000003,S22000064,"0",S34002580
"788462",S999,S99999999,S99999999,S99999999,S92000003,"198001",,S99999999,"2401",S30000024,55.2760162353516,S99999999,,-4.72525119781494,S01012420,S01019754,S02002329,S02003658,S99999999,S00129980,S00175782,8B2,S99999999,"226983","1",S08000015,S12000028,"0601371",S13003094,S99999999,S99999999,KA269SP,KA26 9SP,KA26 9SP,S14000107,S23000009,S99999999,"7",,S03000003,S22000064,"0",S34002580
"788463",S999,S99999999,S99999999,S99999999,S92000003,"198001",,S99999999,"2401",S30000024,55.2750663757324,S99999999,,-4.72789478302002,S01012420,S01019754,S02002329,S02003658,S99999999,S00129982,S00175783,8A2,S99999999,"226811","1",S08000015,S12000028,"0601272",S13003094,S99999999,S99999999,KA269SQ,KA26 9SQ,KA26 9SQ,S14000107,S23000009,S99999999,"7",,S03000003,S22000064,"0",S34002580
"788464",S999,S99999999,S99999999,S99999999,S92000003,"198001",,S99999999,"2401",S30000024,55.2754936218262,S99999999,,-4.72490119934082,S01012420,S01019754,S02002329,S02003658,S99999999,S00129982,S00175783,8A2,S99999999,"227003","1",S08000015,S12000028,"0601312",S13003094,S99999999,S99999999,KA269SR,KA26 9SR,KA26 9SR,S14000107,S23000009,S99999999,"7",,S03000003,S22000064,"0",S34002580
"788465",S999,S99999999,S99999999,S99999999,S92000003,"198001",,S99999999,"2401",S30000024,55.2750053405762,S99999999,,-4.72428417205811,S01012420,S01019754,S02002329,S02003658,S99999999,S00129981,S00175784,8B2,S99999999,"227040","1",S08000015,S12000028,"0601256",S13003094,S99999999,S99999999,KA269SS,KA26 9SS,KA26 9SS,S14000107,S23000009,S99999999,"7",,S03000003,S22000064,"0",S34002580
"788466",S999,S99999999,S99999999,S99999999,S92000003,"198001",,S99999999,"2401",S30000024,55.2746887207031,S99999999,,-4.72427892684937,S01012420,S01019754,S02002329,S02003658,S99999999,S00129264,S00175781,8A2,S99999999,"227039","1",S08000015,S12000028,"0601221",S13003094,S99999999,S99999999,KA269ST,KA26 9ST,KA26 9ST,S14000107,S23000009,S99999999,"7",,S03000003,S22000064,"0",S34002580
"788467",S999,S99999999,S99999999,S99999999,S92000003,"198001",,S99999999,"2401",S30000024,55.2754402160645,S99999999,,-4.7217001914978,S01012420,S01019754,S02002329,S02003658,S99999999,S00129264,S00175781,8A2,S99999999,"227206","1",S08000015,S12000028,"0601298",S13003094,S99999999,S99999999,KA269SU,KA26 9SU,KA26 9SU,S14000107,S23000009,S99999999,"7",,S03000003,S22000064,"0",S34002580
"788468",S999,S99999999,S99999999,S99999999,S92000003,"198001",,S99999999,"2885",S30000024,55.2786674499512,S99999999,,-4.72200012207031,S01012422,S01019754,S02002329,S02003658,S99999999,S00129263,S00175778,8A2,S99999999,"227201","1",S08000015,S12000028,"0601658",S13003094,S99999999,S99999999,KA269SW,KA26 9SW,KA26 9SW,S14000107,S23000009,S99999999,"7",,S03000003,S22000064,"0",S34002580
"788469",S999,S99999999,S99999999,S99999999,S92000003,"198001",,S99999999,"2401",S30000024,55.2766342163086,S99999999,,-4.72203397750854,S01012420,S01019754,S02002329,S02003658,S99999999,S00129264,S00175781,8A2,S99999999,"227190","1",S08000015,S12000028,"0601432",S13003094,S99999999,S99999999,KA269SX,KA26 9SX,KA26 9SX,S14000107,S23000009,S99999999,"7",,S03000003,S22000064,"0",S34002580
"788470",S999,S99999999,S99999999,S99999999,S92000003,"198001",,S99999999,"2401",S30000024,55.2777442932129,S99999999,,-4.72066116333008,S01012420,S01019754,S02002329,S02003658,S99999999,S00129264,S00175781,8A2,S99999999,"227282","1",S08000015,S12000028,"0601552",S13003094,S99999999,S99999999,KA269SY,KA26 9SY,KA26 9SY,S14000107,S23000009,S99999999,"7",,S03000003,S22000064,"0",S34002580
"788471",S999,S99999999,S99999999,S99999999,S92000003,"198001",,S99999999,"2401",S30000024,55.2764015197754,S99999999,,-4.72771883010864,S01012420,S01019754,S02002329,S02003658,S99999999,S00129873,S00175780,8C2,S99999999,"226828","1",S08000015,S12000028,"0601420",S13003094,S99999999,S99999999,KA269SZ,KA26 9SZ,KA26 9SZ,S14000107,S23000009,S99999999,"7",,S03000003,S22000064,"0",S34002580
"788472",S999,S99999999,S99999999,S99999999,S92000003,"199512",,S99999999,"2401",S30000024,55.2774085998535,S99999999,,-4.72077989578247,S01012420,S01019754,S02002329,S02003658,S99999999,S00129264,S00175781,8A2,S99999999,"227273","1",S08000015,S12000028,"0601515",S13003094,S99999999,S99999999,KA269TA,KA26 9TA,KA26 9TA,S14000107,S23000009,S99999999,"7",,S03000003,S22000064,"0",S34002580
"788473",S999,S99999999,S99999999,S99999999,S92000003,"200308",,S99999999,"2401",S30000024,55.2774696350098,S99999999,,-4.72253179550171,S01012420,S01019754,S02002329,S02003658,S99999999,S00129264,S00175781,8A2,S99999999,"227162","1",S08000015,S12000028,"0601526",S13003094,S99999999,S99999999,KA269TB,KA26 9TB,KA26 9TB,S14000107,S23000009,S99999999,"7",,S03000003,S22000064,"0",S34002580
"788474",S999,S99999999,S99999999,S99999999,S92000003,"198001",,S99999999,"2346",S30000024,55.2540626525879,S99999999,,-4.77996397018433,S01012421,S01019755,S02002329,S02003658,S99999999,S00129868,S00175777,1A1,S99999999,"223411","1",S08000015,S12000028,"0599066",S13003094,S99999999,S99999999,KA269TG,KA26 9TG,KA26 9TG,S14000107,S23000009,S99999999,"7",,S03000003,S22000064,"0",S34002528
"788475",S999,S99999999,S99999999,S99999999,S92000003,"198001",,S99999999,"2922",S30000024,55.2362022399902,S99999999,,-4.74841976165771,S01012419,S01019753,S02002329,S02003658,S99999999,S00129867,S00175776,1A3,S99999999,"225337","1",S08000015,S12000028,"0597000",S13003094,S99999999,S99999999,KA269TH,KA26 9TH,KA26 9TH,S14000107,S23000009,S99999999,"7",,S03000003,S22000064,"0",S34002528
"788476",S999,S99999999,S99999999,S99999999,S92000003,"198001",,S99999999,"2922",S30000024,55.2104682922363,S99999999,,-4.71589612960815,S01012419,S01019753,S02002329,S02003658,S99999999,S00129971,S00175847,1B3,S99999999,"227293","1",S08000015,S12000028,"0594056",S13003094,S99999999,S99999999,KA269TJ,KA26 9TJ,KA26 9TJ,S14000107,S23000009,S99999999,"7",,S03000003,S22000064,"0",S34002528
"788477",S999,S99999999,S99999999,S99999999,S92000003,"201606",,S99999999,"2922",S30000024,55.2110786437988,S99999999,,-4.70983791351318,S01012419,S01019753,S02002329,S02003658,S99999999,S00129970,S00175846,1B3,S99999999,"227681","1",S08000015,S12000028,"0594109",S13003094,S99999999,S99999999,KA269TL,KA26 9TL,KA26 9TL,S14000107,S23000009,S99999999,"7",,S03000003,S22000064,"0",S34002528
"788478",S999,S99999999,S99999999,S99999999,S92000003,"198001",,S99999999,"2922",S30000024,55.2114067077637,S99999999,,-4.69340085983276,S01012419,S01019753,S02002329,S02003658,S99999999,S00129970,S00175846,1B3,S99999999,"228728","1",S08000015,S12000028,"0594105",S13003094,S99999999,S99999999,KA269TN,KA26 9TN,KA26 9TN,S14000107,S23000009,S99999999,"7",,S03000003,S22000064,"0",S34002528
"788479",S999,S99999999,S99999999,S99999999,S92000003,"198001",,S99999999,"2922",S30000024,55.2099189758301,S99999999,,-4.71150398254395,S01012419,S01019753,S02002329,S02003658,S99999999,S00129971,S00175847,1B3,S99999999,"227570","1",S08000015,S12000028,"0593984",S13003094,S99999999,S99999999,KA269TP,KA26 9TP,KA26 9TP,S14000107,S23000009,S99999999,"7",,S03000003,S22000064,"0",S34002528
"788480",S999,S99999999,S99999999,S99999999,S92000003,"198001",,S99999999,"2922",S30000024,55.2500381469727,S99999999,,-4.78216981887817,S01012419,S01019753,S02002329,S02003658,S99999999,S00129867,S00175776,1A3,S99999999,"223253","1",S08000015,S12000028,"0598624",S13003094,S99999999,S99999999,KA269TQ,KA26 9TQ,KA26 9TQ,S14000107,S23000009,S99999999,"7",,S03000003,S22000064,"0",S34002528
"788481",S999,S99999999,S99999999,S99999999,S92000003,"198001",,S99999999,"2922",S30000024,55.2098655700684,S99999999,,-4.71389007568359,S01012419,S01019753,S02002329,S02003658,S99999999,S00129971,S00175847,1B3,S99999999,"227418","1",S08000015,S12000028,"0593984",S13003094,S99999999,S99999999,KA269TR,KA26 9TR,KA26 9TR,S14000107,S23000009,S99999999,"7",,S03000003,S22000064,"0",S34002528
"788482",S999,S99999999,S99999999,S99999999,S92000003,"198001",,S99999999,"2922",S30000024,55.2111587524414,S99999999,,-4.71311378479004,S01012419,S01019753,S02002329,S02003658,S99999999,S00129971,S00175847,1B3,S99999999,"227473","1",S08000015,S12000028,"0594126",S13003094,S99999999,S99999999,KA269TS,KA26 9TS,KA26 9TS,S14000107,S23000009,S99999999,"7",,S03000003,S22000064,"0",S34002528
"788483",S999,S99999999,S99999999,S99999999,S92000003,"198001",,S99999999,"2922",S30000024,55.2103538513184,S99999999,,-4.70927000045776,S01012419,S01019753,S02002329,S02003658,S99999999,S00129970,S00175846,1B3,S99999999,"227714","1",S08000015,S12000028,"0594027",S13003094,S99999999,S99999999,KA269TT,KA26 9TT,KA26 9TT,S14000107,S23000009,S99999999,"7",,S03000003,S22000064,"0",S34002528
"788484",S999,S99999999,S99999999,S99999999,S92000003,"198001",,S99999999,"2922",S30000024,55.2125587463379,S99999999,,-4.70998620986938,S01012419,S01019753,S02002329,S02003658,S99999999,S00129970,S00175846,1B3,S99999999,"227678","1",S08000015,S12000028,"0594274",S13003094,S99999999,S99999999,KA269TU,KA26 9TU,KA26 9TU,S14000107,S23000009,S99999999,"7",,S03000003,S22000064,"0",S34002528
"788485",S999,S99999999,S99999999,S99999999,S92000003,"198001",,S99999999,"2922",S30000024,55.2108116149902,S99999999,,-4.71214723587036,S01012419,S01019753,S02002329,S02003658,S99999999,S00129971,S00175847,1B3,S99999999,"227533","1",S08000015,S12000028,"0594085",S13003094,S99999999,S99999999,KA269TW,KA26 9TW,KA26 9TW,S14000107,S23000009,S99999999,"7",,S03000003,S22000064,"0",S34002528
"788486",S999,S99999999,S99999999,S99999999,S92000003,"198001",,S99999999,"2922",S30000024,55.2117080688477,S99999999,,-4.71186208724976,S01012419,S01019753,S02002329,S02003658,S99999999,S00129970,S00175846,1B3,S99999999,"227555","1",S08000015,S12000028,"0594184",S13003094,S99999999,S99999999,KA269TX,KA26 9TX,KA26 9TX,S14000107,S23000009,S99999999,"7",,S03000003,S22000064,"0",S34002528
"788487",S999,S99999999,S99999999,S99999999,S92000003,"198001",,S99999999,"2922",S30000024,55.2264099121094,S99999999,,-4.6832799911499,S01012419,S01019753,S02002329,S02003658,S99999999,S00129867,S00175776,1A3,S99999999,"229436","1",S08000015,S12000028,"0595749",S13003094,S99999999,S99999999,KA269TY,KA26 9TY,KA26 9TY,S14000107,S23000009,S99999999,"7",,S03000003,S22000064,"0",S34002528
"788488",S999,S99999999,S99999999,S99999999,S92000003,"198001",,S99999999,"2922",S30000024,55.224437713623,S99999999,,-4.59407806396484,S01012419,S01019753,S02002329,S02003658,S99999999,S00129867,S00175776,1A3,S99999999,"235100","1",S08000015,S12000028,"0595315",S13003094,S99999999,S99999999,KA269TZ,KA26 9TZ,KA26 9TZ,S14000107,S23000009,S99999999,"7",,S03000003,S22000064,"0",S34002528
"788489",S999,S99999999,S99999999,S99999999,S92000003,"198001",,S99999999,"2922",S30000024,55.227367401123,S99999999,,-4.62734222412109,S01012419,S01019753,S02002329,S02003658,S99999999,S00129867,S00175776,1A3,S99999999,"232997","1",S08000015,S12000028,"0595720",S13003094,S99999999,S99999999,KA269UA,KA26 9UA,KA26 9UA,S14000107,S23000009,S99999999,"7",,S03000003,S22000064,"0",S34002528
