OBJECTID,BUA11,BUASD11,CALNCV,CED,CTRY,DOINTR,DOTERM,ICB,IMD,ITL,LAT,LEP1,LEP2,LONG,LSOA11,LSOA21,MSOA11,MSOA21,NHSER,OA11,OA21,OAC11,OSCTY,OSEAST1M,OSGRDIND,OSHLTHAU,OSLAUA,OSNRTH1M,OSWARD,PARISH,PARK,PCD,PCD2,PCDS,PCON,PFA,RGN,RU11IND,RUC21IND,SICBL,TTWA,USERTYPE,WZ11
"1752761",E630,E35000888,E56000032,E99999999,E92000001,"198001",,E54000057,"3190",E08000010,53.4974174499512,E37000015,,-2.51623892784119,E01006333,E01006333,E02001316,E02001316,E40000010,E00032090,E00032090,7A2,E99999999,"365851","1",E18000002,E08000010,"0400202",E05015001,E43000164,E65000001,WN7 1AA,WN7  1AA,WN7 1AA,E14001329,E23000005,E12000002,A1,UN1,E38000205,E30000284,"1",E33006113
"1752762",E630,E35000888,E56000032,E99999999,E92000001,"198001",,E54000057,"3190",E08000010,53.4971313476562,E37000015,,-2.51602411270142,E01006333,E01006333,E02001316,E02001316,E40000010,E00032090,E00032090,7A2,E99999999,"365865","1",E18000002,E08000010,"0400170",E05015001,E43000164,E65000001,WN7 1AB,WN7  1AB,WN7 1AB,E14001329,E23000005,E12000002,A1,UN1,E38000205,E30000284,"0",E33006113
"1752763",E630,E35000888,E56000032,E99999999,E92000001,"198001",,E54000057,"3190",E08000010,53.497501373291,E37000015,,-2.51568198204041,E01006333,E01006333,E02001316,E02001316,E40000010,E00032090,E00032090,7A2,E99999999,"365888","1",E18000002,E08000010,"0400211",E05015001,E43000164,E65000001,WN7 1AG,WN7  1AG,WN7 1AG,E14001329,E23000005,E12000002,A1,UN1,E38000205,E30000284,"0",E33006113
"1752764",E630,E35000888,E56000032,E99999999,E92000001,"198001",,E54000057,"3190",E08000010,53.4972724914551,E37000015,,-2.51670408248901,E01006333,E01006333,E02001316,E02001316,E40000010,E00032090,E00032090,7A2,E99999999,"365820","1",E18000002,E08000010,"0400186",E05015001,E43000164,E65000001,WN7 1AJ,WN7  1AJ,WN7 1AJ,E14001329,E23000005,E12000002,A1,UN1,E38000205,E30000284,"1",E33006113
"1752765",E630,E35000888,E56000032,E99999999,E92000001,"198001",,E54000057,"3190",E08000010,53.496395111084,E37000015,,-2.51557803153992,E01006333,E01006333,E02001316,E02001316,E40000010,E00032094,E00032094,7A2,E99999999,"365894","1",E18000002,E08000010,"0400088",E05015001,E43000164,E65000001,WN7 1AL,WN7  1AL,WN7 1AL,E14001329,E23000005,E12000002,A1,UN1,E38000205,E30000284,"0",E33002931
"1752766",E630,E35000888,E56000032,E99999999,E92000001,"201801",,E54000057,"3190",E08000010,53.4974136352539,E37000015,,-2.51509308815002,E01006333,E01006333,E02001316,E02001316,E40000010,E00032094,E00032094,7A2,E99999999,"365927","1",E18000002,E08000010,"0400201",E05015001,E43000164,E65000001,WN7 1AP,WN7  1AP,WN7 1AP,E14001329,E23000005,E12000002,A1,UN1,E38000205,E30000284,"0",E33002931
"1752767",E630,E35000888,E56000032,E99999999,E92000001,"198001",,E54000057,"3190",E08000010,53.4972724914551,E37000015,,-2.51674890518188,E01006333,E01006333,E02001316,E02001316,E40000010,E00032090,E00032090,7A2,E99999999,"365817","1",E18000002,E08000010,"0400186",E05015001,E43000164,E65000001,WN7 1AQ,WN7  1AQ,WN7 1AQ,E14001329,E23000005,E12000002,A1,UN1,E38000205,E30000284,"0",E33006113
"1752768",E630,E35000888,E56000032,E99999999,E92000001,"198001",,E54000057,"3190",E08000010,53.4970626831055,E37000015,,-2.51753091812134,E01006333,E01006333,E02001316,E02001316,E40000010,E00032094,E00032094,7A2,E99999999,"365765","1",E18000002,E08000010,"0400163",E05015001,E43000164,E65000001,WN7 1AT,WN7  1AT,WN7 1AT,E14001329,E23000005,E12000002,A1,UN1,E38000205,E30000284,"0",E33002929
"1752769",E630,E35000888,E56000032,E99999999,E92000001,"198001",,E54000057,"3190",E08000010,53.4968872070312,E37000015,,-2.51636791229248,E01006333,E01006333,E02001316,E02001316,E40000010,E00032094,E00032094,7A2,E99999999,"365842","1",E18000002,E08000010,"0400143",E05015001,E43000164,E65000001,WN7 1AW,WN7  1AW,WN7 1AW,E14001329,E23000005,E12000002,A1,UN1,E38000205,E30000284,"0",E33002931
"1752770",E630,E35000888,E56000032,E99999999,E92000001,"198001",,E54000057,"3190",E08000010,53.4985008239746,E37000015,,-2.51699090003967,E01006333,E01006333,E02001316,E02001316,E40000010,E00032090,E00032090,7A2,E99999999,"365802","1",E18000002,E08000010,"0400323",E05015001,E43000164,E65000001,WN7 1AX,WN7  1AX,WN7 1AX,E14001329,E23000005,E12000002,A1,UN1,E38000205,E30000284,"0",E33006113
"1752771",E630,E35000888,E56000032,E99999999,E92000001,"198001",,E54000057,"3190",E08000010,53.4980735778809,E37000015,,-2.5163369178772,E01006333,E01006333,E02001316,E02001316,E40000010,E00032090,E00032090,7A2,E99999999,"365845","1",E18000002,E08000010,"0400275",E05015001,E43000164,E65000001,WN7 1AY,WN7  1AY,WN7 1AY,E14001329,E23000005,E12000002,A1,UN1,E38000205,E30000284,"0",E33006113
"1752772",E630,E35000888,E56000032,E99999999,E92000001,"198001",,E54000057,"3190",E08000010,53.4977226257324,E37000015,,-2.51384592056274,E01006333,E01006333,E02001316,E02001316,E40000010,E00032094,E00032094,7A2,E99999999,"366010","1",E18000002,E08000010,"0400235",E05015001,E43000164,E65000001,WN7 1AZ,WN7  1AZ,WN7 1AZ,E14001329,E23000005,E12000002,A1,UN1,E38000205,E30000284,"0",E33002930
"1752773",E630,E35000888,E56000032,E99999999,E92000001,"198001",,E54000057,"3190",E08000010,53.4976844787598,E37000015,,-2.51502108573914,E01006333,E01006333,E02001316,E02001316,E40000010,E00032094,E00032094,7A2,E99999999,"365932","1",E18000002,E08000010,"0400231",E05015001,E43000164,E65000001,WN7 1BB,WN7  1BB,WN7 1BB,E14001329,E23000005,E12000002,A1,UN1,E38000205,E30000284,"1",E33002930
"1752774",E630,E35000888,E56000032,E99999999,E92000001,"198001",,E54000057,"3190",E08000010,53.4978446960449,E37000015,,-2.51288199424744,E01006333,E01006333,E02001316,E02001316,E40000010,E00032094,E00032094,7A2,E99999999,"366074","1",E18000002,E08000010,"0400248",E05015001,E43000164,E65000001,WN7 1BE,WN7  1BE,WN7 1BE,E14001329,E23000005,E12000002,A1,UN1,E38000205,E30000284,"0",E33002930
"1752775",E630,E35000888,E56000032,E99999999,E92000001,"198001",,E54000057,"3190",E08000010,53.4978675842285,E37000015,,-2.51377201080322,E01006333,E01006333,E02001316,E02001316,E40000010,E00032094,E00032094,7A2,E99999999,"366015","1",E18000002,E08000010,"0400251",E05015001,E43000164,E65000001,WN7 1BG,WN7  1BG,WN7 1BG,E14001329,E23000005,E12000002,A1,UN1,E38000205,E30000284,"0",E33002930
"1752776",E630,E35000888,E56000032,E99999999,E92000001,"198001",,E54000057,"3190",E08000010,53.4980812072754,E37000015,,-2.51440811157227,E01006333,E01006333,E02001316,E02001316,E40000010,E00032094,E00032094,7A2,E99999999,"365973","1",E18000002,E08000010,"0400275",E05015001,E43000164,E65000001,WN7 1BH,WN7  1BH,WN7 1BH,E14001329,E23000005,E12000002,A1,UN1,E38000205,E30000284,"0",E33002930
"1752777",E630,E35000888,E56000032,E99999999,E92000001,"198001",,E54000057,"3190",E08000010,53.4981422424316,E37000015,,-2.51478505134583,E01006333,E01006333,E02001316,E02001316,E40000010,E00032088,E00032088,4A2,E99999999,"365948","1",E18000002,E08000010,"0400282",E05015001,E43000164,E65000001,WN7 1BJ,WN7  1BJ,WN7 1BJ,E14001329,E23000005,E12000002,A1,UN1,E38000205,E30000284,"0",E33006113
"1752779",E630,E35000888,E56000032,E99999999,E92000001,"201507",,E54000057,"3190",E08000010,53.4961013793945,E37000015,,-2.51274108886719,E01006333,E01006333,E02001316,E02001316,E40000010,E00032094,E00032094,7A2,E99999999,"366082","1",E18000002,E08000010,"0400054",E05015001,E43000164,E65000001,WN7 1BN,WN7  1BN,WN7 1BN,E14001329,E23000005,E12000002,A1,UN1,E38000205,E30000284,"0",E33002932
"1752781",E630,E35000888,E56000032,E99999999,E92000001,"199007",,E54000057,"3190",E08000010,53.4985656738281,E37000015,,-2.51292109489441,E01006333,E01006333,E02001316,E02001316,E40000010,E00032089,E00032089,5A1,E99999999,"366072","1",E18000002,E08000010,"0400328",E05015001,E43000164,E65000001,WN7 1BQ,WN7  1BQ,WN7 1BQ,E14001329,E23000005,E12000002,A1,UN1,E38000205,E30000284,"0",E33006113
"1752782",E630,E35000888,E56000032,E99999999,E92000001,"198001",,E54000057,"3190",E08000010,53.496940612793,E37000015,,-2.5146050453186,E01006333,E01006333,E02001316,E02001316,E40000010,E00032094,E00032094,7A2,E99999999,"365959","1",E18000002,E08000010,"0400148",E05015001,E43000164,E65000001,WN7 1BS,WN7  1BS,WN7 1BS,E14001329,E23000005,E12000002,A1,UN1,E38000205,E30000284,"0",E33002931
"1752783",E630,E35000888,E56000032,E99999999,E92000001,"198001",,E54000057,"3190",E08000010,53.4972152709961,E37000015,,-2.51349306106567,E01006333,E01006333,E02001316,E02001316,E40000010,E00032094,E00032094,7A2,E99999999,"366033","1",E18000002,E08000010,"0400178",E05015001,E43000164,E65000001,WN7 1BT,WN7  1BT,WN7 1BT,E14001329,E23000005,E12000002,A1,UN1,E38000205,E30000284,"0",E33002930
"1752784",E630,E35000888,E56000032,E99999999,E92000001,"198001",,E54000057,"3190",E08000010,53.4964447021484,E37000015,,-2.51291108131409,E01006333,E01006333,E02001316,E02001316,E40000010,E00032094,E00032094,7A2,E99999999,"366071","1",E18000002,E08000010,"0400092",E05015001,E43000164,E65000001,WN7 1BU,WN7  1BU,WN7 1BU,E14001329,E23000005,E12000002,A1,UN1,E38000205,E30000284,"0",E33002930
"1752785",E630,E35000888,E56000032,E99999999,E92000001,"199201",,E54000057,"3190",E08000010,53.4952011108398,E37000015,,-2.51342296600342,E01006333,E01006333,E02001316,E02001316,E40000010,E00032094,E00032094,7A2,E99999999,"366036","1",E18000002,E08000010,"0399954",E05015001,E43000164,E65000001,WN7 1BW,WN7  1BW,WN7 1BW,E14001329,E23000005,E12000002,A1,UN1,E38000205,E30000284,"0",E33002932
"1752786",E630,E35000888,E56000032,E99999999,E92000001,"198001",,E54000057,"3190",E08000010,53.4964942932129,E37000015,,-2.51327300071716,E01006333,E01006333,E02001316,E02001316,E40000010,E00032094,E00032094,7A2,E99999999,"366047","1",E18000002,E08000010,"0400098",E05015001,E43000164,E65000001,WN7 1BX,WN7  1BX,WN7 1BX,E14001329,E23000005,E12000002,A1,UN1,E38000205,E30000284,"0",E33002930
"1752787",E630,E35000888,E56000032,E99999999,E92000001,"198001",,E54000057,"3190",E08000010,53.496753692627,E37000015,,-2.51366806030273,E01006333,E01006333,E02001316,E02001316,E40000010,E00032094,E00032094,7A2,E99999999,"366021","1",E18000002,E08000010,"0400127",E05015001,E43000164,E65000001,WN7 1BY,WN7  1BY,WN7 1BY,E14001329,E23000005,E12000002,A1,UN1,E38000205,E30000284,"0",E33002930
"1752788",E630,E35000888,E56000032,E99999999,E92000001,"201901",,E54000057,"3190",E08000010,53.4964942932129,E37000015,,-2.51310706138611,E01006333,E01006333,E02001316,E02001316,E40000010,E00032094,E00032094,7A2,E99999999,"366058","1",E18000002,E08000010,"0400098",E05015001,E43000164,E65000001,WN7 1DA,WN7  1DA,WN7 1DA,E14001329,E23000005,E12000002,A1,UN1,E38000205,E30000284,"0",E33002930
"1752789",E630,E35000888,E56000032,E99999999,E92000001,"198001",,E54000057,"3190",E08000010,53.4966087341309,E37000015,,-2.51401305198669,E01006333,E01006333,E02001316,E02001316,E40000010,E00032094,E00032094,7A2,E99999999,"365998","1",E18000002,E08000010,"0400111",E05015001,E43000164,E65000001,WN7 1DB,WN7  1DB,WN7 1DB,E14001329,E23000005,E12000002,A1,UN1,E38000205,E30000284,"0",E33002932
"1752790",E630,E35000888,E56000032,E99999999,E92000001,"201905",,E54000057,"3190",E08000010,53.4968566894531,E37000015,,-2.51873397827148,E01006333,E01006333,E02001316,E02001316,E40000010,E00032094,E00032094,7A2,E99999999,"365685","1",E18000002,E08000010,"0400141",E05015001,E43000164,E65000001,WN7 1DD,WN7  1DD,WN7 1DD,E14001329,E23000005,E12000002,A1,UN1,E38000205,E30000284,"0",E33002929
"1752791",E630,E35000888,E56000032,E99999999,E92000001,"198001",,E54000057,"3190",E08000010,53.498363494873,E37000015,,-2.51546597480774,E01006333,E01006333,E02001316,E02001316,E40000010,E00032090,E00032090,7A2,E99999999,"365903","1",E18000002,E08000010,"0400307",E05015001,E43000164,E65000001,WN7 1DE,WN7  1DE,WN7 1DE,E14001329,E23000005,E12000002,A1,UN1,E38000205,E30000284,"0",E33006113
"1752792",E630,E35000888,E56000032,E99999999,E92000001,"201906",,E54000057,"3190",E08000010,53.496955871582,E37000015,,-2.51745390892029,E01006333,E01006333,E02001316,E02001316,E40000010,E00032094,E00032094,7A2,E99999999,"365770","1",E18000002,E08000010,"0400151",E05015001,E43000164,E65000001,WN7 1DG,WN7  1DG,WN7 1DG,E14001329,E23000005,E12000002,A1,UN1,E38000205,E30000284,"0",E33002929
"1752793",E630,E35000888,E56000032,E99999999,E92000001,"202011",,E54000057,"1408",E08000010,53.5028839111328,E37000015,,-2.52232098579407,E01006334,E01006334,E02001316,E02001316,E40000010,E00032083,E00032083,8B1,E99999999,"365452","1",E18000002,E08000010,"0400813",E05015001,E43000164,E65000001,WN7 1DH,WN7  1DH,WN7 1DH,E14001329,E23000005,E12000002,A1,UN1,E38000205,E30000284,"0",E33006114
"1752794",E630,E35000888,E56000032,E99999999,E92000001,"202010",,E54000057,"1408",E08000010,53.50244140625,E37000015,,-2.52242088317871,E01006334,E01006334,E02001316,E02001316,E40000010,E00032083,E00032083,8B1,E99999999,"365445","1",E18000002,E08000010,"0400764",E05015001,E43000164,E65000001,WN7 1DJ,WN7  1DJ,WN7 1DJ,E14001329,E23000005,E12000002,A1,UN1,E38000205,E30000284,"0",E33006114
"1752795",E630,E35000888,E56000032,E99999999,E92000001,"202212",,E54000057,"3190",E08000010,53.4954376220703,E37000015,,-2.51255202293396,E01006333,E01006333,E02001316,E02001316,E40000010,E00032094,E00032094,7A2,E99999999,"366094","1",E18000002,E08000010,"0399980",E05015001,E43000164,E65000001,WN7 1DL,WN7  1DL,WN7 1DL,E14001329,E23000005,E12000002,A1,UN1,E38000205,E30000284,"0",E33002932
"1752797",E630,E35000888,E56000032,E99999999,E92000001,"198001",,E54000057,"3190",E08000010,53.497184753418,E37000015,,-2.51819610595703,E01006333,E01006333,E02001316,E02001316,E40000010,E00032094,E00032094,7A2,E99999999,"365721","1",E18000002,E08000010,"0400177",E05015001,E43000164,E65000001,WN7 1DP,WN7  1DP,WN7 1DP,E14001329,E23000005,E12000002,A1,UN1,E38000205,E30000284,"0",E33002929
"1752798",E630,,E56000032,E99999999,E92000001,"202502",,E54000057,"3190",E08000010,53.4986114501953,E37000015,,-2.5184690952301,E01006333,E01006333,E02001316,E02001316,E40000010,E00032090,E00032090,7A2,E99999999,"365704","1",E18000002,E08000010,"0400336",E05015001,E43000164,E65000001,WN7 1DQ,WN7  1DQ,WN7 1DQ,E14001329,E23000005,E12000002,A1,UN1,E38000205,E30000284,"0",E33006113
"1752799",E630,E35000888,E56000032,E99999999,E92000001,"198001",,E54000057,"3190",E08000010,53.4970397949219,E37000015,,-2.51863098144531,E01006333,E01006333,E02001316,E02001316,E40000010,E00032094,E00032094,7A2,E99999999,"365692","1",E18000002,E08000010,"0400161",E05015001,E43000164,E65000001,WN7 1DR,WN7  1DR,WN7 1DR,E14001329,E23000005,E12000002,A1,UN1,E38000205,E30000284,"0",E33002929
"1752800",E630,E35000888,E56000032,E99999999,E92000001,"198001",,E54000057,"2537",E08000010,53.4971351623535,E37000015,,-2.51911401748657,E01006328,E01006328,E02001316,E02001316,E40000010,E00032048,E00032048,4B1,E99999999,"365660","1",E18000002,E08000010,"0400172",E05015001,E43000164,E65000001,WN7 1DS,WN7  1DS,WN7 1DS,E14001329,E23000005,E12000002,A1,UN1,E38000205,E30000284,"0",E33006108
"1752801",E630,E35000888,E56000032,E99999999,E92000001,"198001",,E54000057,"2537",E08000010,53.4966926574707,E37000015,,-2.51928997039795,E01006328,E01006328,E02001316,E02001316,E40000010,E00032048,E00032048,4B1,E99999999,"365648","1",E18000002,E08000010,"0400123",E05015001,E43000164,E65000001,WN7 1DX,WN7  1DX,WN7 1DX,E14001329,E23000005,E12000002,A1,UN1,E38000205,E30000284,"1",E33006108
"1752802",E630,E35000888,E56000032,E99999999,E92000001,"198001",,E54000057,"2537",E08000010,53.4972686767578,E37000015,,-2.51932692527771,E01006328,E01006328,E02001316,E02001316,E40000010,E00032048,E00032048,4B1,E99999999,"365646","1",E18000002,E08000010,"0400187",E05015001,E43000164,E65000001,WN7 1DY,WN7  1DY,WN7 1DY,E14001329,E23000005,E12000002,A1,UN1,E38000205,E30000284,"1",E33006108
"1752803",E630,E35000888,E56000032,E99999999,E92000001,"198001",,E54000057,"2537",E08000010,53.4970245361328,E37000015,,-2.51957988739014,E01006328,E01006328,E02001316,E02001316,E40000010,E00032048,E00032048,4B1,E99999999,"365629","1",E18000002,E08000010,"0400160",E05015001,E43000164,E65000001,WN7 1EA,WN7  1EA,WN7 1EA,E14001329,E23000005,E12000002,A1,UN1,E38000205,E30000284,"0",E33006108
"1752804",E630,E35000888,E56000032,E99999999,E92000001,"198001",,E54000057,"2537",E08000010,53.4977874755859,E37000015,,-2.52002692222595,E01006328,E01006328,E02001316,E02001316,E40000010,E00032048,E00032048,4B1,E99999999,"365600","1",E18000002,E08000010,"0400245",E05015001,E43000164,E65000001,WN7 1EB,WN7  1EB,WN7 1EB,E14001329,E23000005,E12000002,A1,UN1,E38000205,E30000284,"1",E33006108
"1752805",E630,E35000888,E56000032,E99999999,E92000001,"198001",,E54000057,"3190",E08000010,53.4974517822266,E37000015,,-2.51856088638306,E01006333,E01006333,E02001316,E02001316,E40000010,E00032094,E00032094,7A2,E99999999,"365697","1",E18000002,E08000010,"0400207",E05015001,E43000164,E65000001,WN7 1ED,WN7  1ED,WN7 1ED,E14001329,E23000005,E12000002,A1,UN1,E38000205,E30000284,"0",E33002929
"1752806",E630,E35000888,E56000032,E99999999,E92000001,"198001",,E54000057,"3190",E08000010,53.4974594116211,E37000015,,-2.51860594749451,E01006333,E01006333,E02001316,E02001316,E40000010,E00032094,E00032094,7A2,E99999999,"365694","1",E18000002,E08000010,"0400208",E05015001,E43000164,E65000001,WN7 1EE,WN7  1EE,WN7 1EE,E14001329,E23000005,E12000002,A1,UN1,E38000205,E30000284,"1",E33002929
"1752808",E630,E35000888,E56000032,E99999999,E92000001,"198001",,E54000057,"3190",E08000010,53.4982795715332,E37000015,,-2.5187520980835,E01006333,E01006333,E02001316,E02001316,E40000010,E00032090,E00032090,7A2,E99999999,"365685","1",E18000002,E08000010,"0400299",E05015001,E43000164,E65000001,WN7 1EG,WN7  1EG,WN7 1EG,E14001329,E23000005,E12000002,A1,UN1,E38000205,E30000284,"0",E33006113
"1752812",E630,E35000888,E56000032,E99999999,E92000001,"200903",,E54000057,"3190",E08000010,53.499324798584,E37000015,,-2.51381993293762,E01006333,E01006333,E02001316,E02001316,E40000010,E00032089,E00032089,5A1,E99999999,"366013","1",E18000002,E08000010,"0400413",E05015001,E43000164,E65000001,WN7 1EP,WN7  1EP,WN7 1EP,E14001329,E23000005,E12000002,A1,UN1,E38000205,E30000284,"0",E33006113
"1752813",E630,E35000888,E56000032,E99999999,E92000001,"200803",,E54000057,"3190",E08000010,53.4981002807617,E37000015,,-2.51793503761292,E01006333,E01006333,E02001316,E02001316,E40000010,E00032090,E00032090,7A2,E99999999,"365739","1",E18000002,E08000010,"0400279",E05015001,E43000164,E65000001,WN7 1EQ,WN7  1EQ,WN7 1EQ,E14001329,E23000005,E12000002,A1,UN1,E38000205,E30000284,"0",E33006113
"1752814",E630,E35000888,E56000032,E99999999,E92000001,"198001",,E54000057,"1408",E08000010,53.4992332458496,E37000015,,-2.51800990104675,E01006334,E01006334,E02001316,E02001316,E40000010,E00032081,E00032081,4A2,E99999999,"365735","1",E18000002,E08000010,"0400405",E05015001,E43000164,E65000001,WN7 1ES,WN7  1ES,WN7 1ES,E14001329,E23000005,E12000002,A1,UN1,E38000205,E30000284,"0",E33006109
"1752815",E630,E35000888,E56000032,E99999999,E92000001,"198001",,E54000057,"3190",E08000010,53.5001831054688,E37000015,,-2.51693606376648,E01006333,E01006333,E02001316,E02001316,E40000010,E00032088,E00032088,4A2,E99999999,"365807","1",E18000002,E08000010,"0400510",E05015001,E43000164,E65000001,WN7 1ET,WN7  1ET,WN7 1ET,E14001329,E23000005,E12000002,A1,UN1,E38000205,E30000284,"0",E33006113
"1752816",E630,E35000888,E56000032,E99999999,E92000001,"198001",,E54000057,"1408",E08000010,53.5002250671387,E37000015,,-2.51791596412659,E01006334,E01006334,E02001316,E02001316,E40000010,E00032081,E00032081,4A2,E99999999,"365742","1",E18000002,E08000010,"0400515",E05015001,E43000164,E65000001,WN7 1EU,WN7  1EU,WN7 1EU,E14001329,E23000005,E12000002,A1,UN1,E38000205,E30000284,"0",E33006109
"1752817",E630,E35000888,E56000032,E99999999,E92000001,"198001",,E54000057,"3190",E08000010,53.5002822875977,E37000015,,-2.51452493667603,E01006333,E01006333,E02001316,E02001316,E40000010,E00032089,E00032089,5A1,E99999999,"365967","1",E18000002,E08000010,"0400520",E05015001,E43000164,E65000001,WN7 1EX,WN7  1EX,WN7 1EX,E14001329,E23000005,E12000002,A1,UN1,E38000205,E30000284,"0",E33006113
"1752818",E630,E35000888,E56000032,E99999999,E92000001,"198001",,E54000057,"3190",E08000010,53.5009002685547,E37000015,,-2.51560306549072,E01006333,E01006333,E02001316,E02001316,E40000010,E00032089,E00032089,5A1,E99999999,"365896","1",E18000002,E08000010,"0400589",E05014994,E43000164,E65000001,WN7 1EY,WN7  1EY,WN7 1EY,E14001329,E23000005,E12000002,A1,UN1,E38000205,E30000284,"0",E33006113
"1752822",E630,E35000888,E56000032,E99999999,E92000001,"198001",,E54000057,"3190",E08000010,53.501823425293,E37000015,,-2.51401591300964,E01006333,E01006333,E02001316,E02001316,E40000010,E00032124,E00032124,4A2,E99999999,"366002","1",E18000002,E08000010,"0400691",E05014994,E43000164,E65000001,WN7 1HE,WN7  1HE,WN7 1HE,E14001329,E23000005,E12000002,A1,UN1,E38000205,E30000284,"0",E33006109
"1752823",E630,E35000888,E56000032,E99999999,E92000001,"198001",,E54000057,"6233",E08000010,53.5028648376465,E37000015,,-2.51417899131775,E01006338,E01006338,E02001316,E02001316,E40000010,E00032119,E00032119,8A1,E99999999,"365992","1",E18000002,E08000010,"0400807",E05014994,E43000164,E65000001,WN7 1HF,WN7  1HF,WN7 1HF,E14001329,E23000005,E12000002,A1,UN1,E38000205,E30000284,"0",E33006109
"1752835",E630,E35000888,E56000032,E99999999,E92000001,"199812",,E54000057,"3190",E08000010,53.4990539550781,E37000015,,-2.51377105712891,E01006333,E01006333,E02001316,E02001316,E40000010,E00032089,E00032089,5A1,E99999999,"366016","1",E18000002,E08000010,"0400383",E05015001,E43000164,E65000001,WN7 1HX,WN7  1HX,WN7 1HX,E14001329,E23000005,E12000002,A1,UN1,E38000205,E30000284,"0",E33006113
"1752861",E630,E35000888,E56000032,E99999999,E92000001,"198001",,E54000057,"3190",E08000010,53.4987678527832,E37000015,,-2.51550102233887,E01006333,E01006333,E02001316,E02001316,E40000010,E00032088,E00032088,4A2,E99999999,"365901","1",E18000002,E08000010,"0400352",E05015001,E43000164,E65000001,WN7 1LH,WN7  1LH,WN7 1LH,E14001329,E23000005,E12000002,A1,UN1,E38000205,E30000284,"0",E33006113
"1752862",E630,E35000888,E56000032,E99999999,E92000001,"198001",,E54000057,"3190",E08000010,53.4983520507812,E37000015,,-2.51423001289368,E01006333,E01006333,E02001316,E02001316,E40000010,E00032089,E00032089,5A1,E99999999,"365985","1",E18000002,E08000010,"0400305",E05015001,E43000164,E65000001,WN7 1LJ,WN7  1LJ,WN7 1LJ,E14001329,E23000005,E12000002,A1,UN1,E38000205,E30000284,"0",E33006113
"1752863",E630,E35000888,E56000032,E99999999,E92000001,"198001",,E54000057,"3190",E08000010,53.4987831115723,E37000015,,-2.51423501968384,E01006333,E01006333,E02001316,E02001316,E40000010,E00032088,E00032088,4A2,E99999999,"365985","1",E18000002,E08000010,"0400353",E05015001,E43000164,E65000001,WN7 1LL,WN7  1LL,WN7 1LL,E14001329,E23000005,E12000002,A1,UN1,E38000205,E30000284,"0",E33006113
"1752864",E630,E35000888,E56000032,E99999999,E92000001,"198001",,E54000057,"3190",E08000010,53.4985580444336,E37000015,,-2.51655411720276,E01006333,E01006333,E02001316,E02001316,E40000010,E00032090,E00032090,7A2,E99999999,"365831","1",E18000002,E08000010,"0400329",E05015001,E43000164,E65000001,WN7 1LN,WN7  1LN,WN7 1LN,E14001329,E23000005,E12000002,A1,UN1,E38000205,E30000284,"0",E33006113
"1752865",E630,E35000888,E56000032,E99999999,E92000001,"198001",,E54000057,"3190",E08000010,53.4990158081055,E37000015,,-2.51699709892273,E01006333,E01006333,E02001316,E02001316,E40000010,E00032090,E00032090,7A2,E99999999,"365802","1",E18000002,E08000010,"0400380",E05015001,E43000164,E65000001,WN7 1LP,WN7  1LP,WN7 1LP,E14001329,E23000005,E12000002,A1,UN1,E38000205,E30000284,"0",E33006113
"1752866",E630,E35000888,E56000032,E99999999,E92000001,"198001",,E54000057,"3190",E08000010,53.4991874694824,E37000015,,-2.51677298545837,E01006333,E01006333,E02001316,E02001316,E40000010,E00032090,E00032090,7A2,E99999999,"365817","1",E18000002,E08000010,"0400399",E05015001,E43000164,E65000001,WN7 1LR,WN7  1LR,WN7 1LR,E14001329,E23000005,E12000002,A1,UN1,E38000205,E30000284,"0",E33006113
"1752867",E630,E35000888,E56000032,E99999999,E92000001,"198001",,E54000057,"3190",E08000010,53.4990196228027,E37000015,,-2.515625,E01006333,E01006333,E02001316,E02001316,E40000010,E00032088,E00032088,4A2,E99999999,"365893","1",E18000002,E08000010,"0400380",E05015001,E43000164,E65000001,WN7 1LS,WN7  1LS,WN7 1LS,E14001329,E23000005,E12000002,A1,UN1,E38000205,E30000284,"0",E33006113
"1752868",E630,E35000888,E56000032,E99999999,E92000001,"198001",,E54000057,"3190",E08000010,53.498836517334,E37000015,,-2.51447701454163,E01006333,E01006333,E02001316,E02001316,E40000010,E00032088,E00032088,4A2,E99999999,"365969","1",E18000002,E08000010,"0400359",E05015001,E43000164,E65000001,WN7 1LT,WN7  1LT,WN7 1LT,E14001329,E23000005,E12000002,A1,UN1,E38000205,E30000284,"0",E33006113
"1752869",E630,E35000888,E56000032,E99999999,E92000001,"198001",,E54000057,"3190",E08000010,53.4996528625488,E37000015,,-2.51652193069458,E01006333,E01006333,E02001316,E02001316,E40000010,E00032088,E00032088,4A2,E99999999,"365834","1",E18000002,E08000010,"0400451",E05015001,E43000164,E65000001,WN7 1LU,WN7  1LU,WN7 1LU,E14001329,E23000005,E12000002,A1,UN1,E38000205,E30000284,"0",E33006113
"1752870",E630,E35000888,E56000032,E99999999,E92000001,"198001",,E54000057,"3190",E08000010,53.4996566772461,E37000015,,-2.51569294929504,E01006333,E01006333,E02001316,E02001316,E40000010,E00032088,E00032088,4A2,E99999999,"365889","1",E18000002,E08000010,"0400451",E05015001,E43000164,E65000001,WN7 1LX,WN7  1LX,WN7 1LX,E14001329,E23000005,E12000002,A1,UN1,E38000205,E30000284,"0",E33006113
"1752871",E630,E35000888,E56000032,E99999999,E92000001,"198001",,E54000057,"1408",E08000010,53.5006828308105,E37000015,,-2.51748394966125,E01006334,E01006334,E02001316,E02001316,E40000010,E00032081,E00032081,4A2,E99999999,"365771","1",E18000002,E08000010,"0400566",E05014994,E43000164,E65000001,WN7 1NA,WN7  1NA,WN7 1NA,E14001329,E23000005,E12000002,A1,UN1,E38000205,E30000284,"0",E33006109
"1752872",E630,E35000888,E56000032,E99999999,E92000001,"198001",,E54000057,"3190",E08000010,53.5013542175293,E37000015,,-2.51643705368042,E01006333,E01006333,E02001316,E02001316,E40000010,E00032124,E00032124,4A2,E99999999,"365841","1",E18000002,E08000010,"0400640",E05014994,E43000164,E65000001,WN7 1NB,WN7  1NB,WN7 1NB,E14001329,E23000005,E12000002,A1,UN1,E38000205,E30000284,"0",E33006109
"1752873",E630,E35000888,E56000032,E99999999,E92000001,"198001",,E54000057,"1408",E08000010,53.5010185241699,E37000015,,-2.51739811897278,E01006334,E01006334,E02001316,E02001316,E40000010,E00032081,E00032081,4A2,E99999999,"365777","1",E18000002,E08000010,"0400603",E05014994,E43000164,E65000001,WN7 1ND,WN7  1ND,WN7 1ND,E14001329,E23000005,E12000002,A1,UN1,E38000205,E30000284,"0",E33006109
"1752874",E630,E35000888,E56000032,E99999999,E92000001,"198001",,E54000057,"3190",E08000010,53.5015754699707,E37000015,,-2.5169529914856,E01006333,E01006333,E02001316,E02001316,E40000010,E00032124,E00032124,4A2,E99999999,"365807","1",E18000002,E08000010,"0400665",E05014994,E43000164,E65000001,WN7 1NE,WN7  1NE,WN7 1NE,E14001329,E23000005,E12000002,A1,UN1,E38000205,E30000284,"0",E33006109
"1752875",E630,E35000888,E56000032,E99999999,E92000001,"198001",,E54000057,"3190",E08000010,53.5021057128906,E37000015,,-2.51751708984375,E01006333,E01006333,E02001316,E02001316,E40000010,E00032124,E00032124,4A2,E99999999,"365770","1",E18000002,E08000010,"0400724",E05014994,E43000164,E65000001,WN7 1NF,WN7  1NF,WN7 1NF,E14001329,E23000005,E12000002,A1,UN1,E38000205,E30000284,"0",E33006109
"1752876",E630,E35000888,E56000032,E99999999,E92000001,"198001",,E54000057,"1408",E08000010,53.5026092529297,E37000015,,-2.51686000823975,E01006334,E01006334,E02001316,E02001316,E40000010,E00032121,E00032121,8B1,E99999999,"365814","1",E18000002,E08000010,"0400780",E05014994,E43000164,E65000001,WN7 1NG,WN7  1NG,WN7 1NG,E14001329,E23000005,E12000002,A1,UN1,E38000205,E30000284,"0",E33006114
"1752877",E630,E35000888,E56000032,E99999999,E92000001,"198001",,E54000057,"6233",E08000010,53.5039024353027,E37000015,,-2.51693606376648,E01006338,E01006338,E02001316,E02001316,E40000010,E00032117,E00032117,8B1,E99999999,"365810","1",E18000002,E08000010,"0400924",E05014994,E43000164,E65000001,WN7 1NJ,WN7  1NJ,WN7 1NJ,E14001329,E23000005,E12000002,A1,UN1,E38000205,E30000284,"0",E33006110
"1752878",E630,E35000888,E56000032,E99999999,E92000001,"198001",,E54000057,"6233",E08000010,53.5038566589355,E37000015,,-2.51752305030823,E01006338,E01006338,E02001316,E02001316,E40000010,E00032117,E00032117,8B1,E99999999,"365771","1",E18000002,E08000010,"0400919",E05014994,E43000164,E65000001,WN7 1NL,WN7  1NL,WN7 1NL,E14001329,E23000005,E12000002,A1,UN1,E38000205,E30000284,"0",E33006110
"1752879",E630,E35000888,E56000032,E99999999,E92000001,"198001",,E54000057,"3190",E08000010,53.5026245117188,E37000015,,-2.51609110832214,E01006333,E01006333,E02001316,E02001316,E40000010,E00032122,E00032122,5A3,E99999999,"365865","1",E18000002,E08000010,"0400781",E05014994,E43000164,E65000001,WN7 1NP,WN7  1NP,WN7 1NP,E14001329,E23000005,E12000002,A1,UN1,E38000205,E30000284,"0",E33006109
"1752880",E630,E35000888,E56000032,E99999999,E92000001,"198001",,E54000057,"1408",E08000010,53.5027046203613,E37000015,,-2.51755404472351,E01006334,E01006334,E02001316,E02001316,E40000010,E00032121,E00032121,8B1,E99999999,"365768","1",E18000002,E08000010,"0400791",E05014994,E43000164,E65000001,WN7 1NQ,WN7  1NQ,WN7 1NQ,E14001329,E23000005,E12000002,A1,UN1,E38000205,E30000284,"0",E33006114
"1752881",E630,E35000888,E56000032,E99999999,E92000001,"198001",,E54000057,"6233",E08000010,53.5038604736328,E37000015,,-2.51658797264099,E01006338,E01006338,E02001316,E02001316,E40000010,E00032119,E00032119,8A1,E99999999,"365833","1",E18000002,E08000010,"0400919",E05014994,E43000164,E65000001,WN7 1NR,WN7  1NR,WN7 1NR,E14001329,E23000005,E12000002,A1,UN1,E38000205,E30000284,"0",E33006109
"1752882",E630,E35000888,E56000032,E99999999,E92000001,"198001",,E54000057,"6233",E08000010,53.5048942565918,E37000015,,-2.5166609287262,E01006338,E01006338,E02001316,E02001316,E40000010,E00032117,E00032117,8B1,E99999999,"365829","1",E18000002,E08000010,"0401034",E05014994,E43000164,E65000001,WN7 1NS,WN7  1NS,WN7 1NS,E14001329,E23000005,E12000002,A1,UN1,E38000205,E30000284,"0",E33006110
"1752883",E630,E35000888,E56000032,E99999999,E92000001,"198001",,E54000057,"6233",E08000010,53.5055046081543,E37000015,,-2.51713609695435,E01006338,E01006338,E02001316,E02001316,E40000010,E00032117,E00032117,8B1,E99999999,"365798","1",E18000002,E08000010,"0401102",E05014994,E43000164,E65000001,WN7 1NT,WN7  1NT,WN7 1NT,E14001329,E23000005,E12000002,A1,UN1,E38000205,E30000284,"0",E33006110
"1752884",E630,E35000888,E56000032,E99999999,E92000001,"198001",,E54000057,"6233",E08000010,53.5048561096191,E37000015,,-2.51736998558044,E01006338,E01006338,E02001316,E02001316,E40000010,E00032117,E00032117,8B1,E99999999,"365782","1",E18000002,E08000010,"0401030",E05014994,E43000164,E65000001,WN7 1NW,WN7  1NW,WN7 1NW,E14001329,E23000005,E12000002,A1,UN1,E38000205,E30000284,"0",E33006110
"1752887",E630,E35000888,E56000032,E99999999,E92000001,"201507",,E54000057,"3190",E08000010,53.5016632080078,E37000015,,-2.51778292655945,E01006333,E01006333,E02001316,E02001316,E40000010,E00032124,E00032124,4A2,E99999999,"365752","1",E18000002,E08000010,"0400675",E05014994,E43000164,E65000001,WN7 1PB,WN7  1PB,WN7 1PB,E14001329,E23000005,E12000002,A1,UN1,E38000205,E30000284,"0",E33006109
"1752892",E630,E35000888,E56000032,E99999999,E92000001,"198001",,E54000057,"6233",E08000010,53.5044326782227,E37000015,,-2.51556992530823,E01006338,E01006338,E02001316,E02001316,E40000010,E00032119,E00032119,8A1,E99999999,"365901","1",E18000002,E08000010,"0400982",E05014994,E43000164,E65000001,WN7 1PS,WN7  1PS,WN7 1PS,E14001329,E23000005,E12000002,A1,UN1,E38000205,E30000284,"0",E33006109
"1752894",E630,E35000888,E56000032,E99999999,E92000001,"198001",,E54000057,"6233",E08000010,53.5038833618164,E37000015,,-2.51527690887451,E01006338,E01006338,E02001316,E02001316,E40000010,E00032119,E00032119,8A1,E99999999,"365920","1",E18000002,E08000010,"0400921",E05014994,E43000164,E65000001,WN7 1PU,WN7  1PU,WN7 1PU,E14001329,E23000005,E12000002,A1,UN1,E38000205,E30000284,"0",E33006109
"1752895",E630,E35000888,E56000032,E99999999,E92000001,"198001",,E54000057,"6233",E08000010,53.5033264160156,E37000015,,-2.5149838924408,E01006338,E01006338,E02001316,E02001316,E40000010,E00032119,E00032119,8A1,E99999999,"365939","1",E18000002,E08000010,"0400859",E05014994,E43000164,E65000001,WN7 1PX,WN7  1PX,WN7 1PX,E14001329,E23000005,E12000002,A1,UN1,E38000205,E30000284,"0",E33006109
"1752896",E630,E35000888,E56000032,E99999999,E92000001,"198001",,E54000057,"3190",E08000010,53.502685546875,E37000015,,-2.51582002639771,E01006333,E01006333,E02001316,E02001316,E40000010,E00032122,E00032122,5A3,E99999999,"365883","1",E18000002,E08000010,"0400788",E05014994,E43000164,E65000001,WN7 1PY,WN7  1PY,WN7 1PY,E14001329,E23000005,E12000002,A1,UN1,E38000205,E30000284,"0",E33006109
"1752897",E630,E35000888,E56000032,E99999999,E92000001,"198001",,E54000057,"6233",E08000010,53.5027809143066,E37000015,,-2.51482605934143,E01006338,E01006338,E02001316,E02001316,E40000010,E00032119,E00032119,8A1,E99999999,"365949","1",E18000002,E08000010,"0400798",E05014994,E43000164,E65000001,WN7 1PZ,WN7  1PZ,WN7 1PZ,E14001329,E23000005,E12000002,A1,UN1,E38000205,E30000284,"0",E33006109
"1752898",E630,E35000888,E56000032,E99999999,E92000001,"198001",,E54000057,"3190",E08000010,53.501895904541,E37000015,,-2.51570510864258,E01006333,E01006333,E02001316,E02001316,E40000010,E00032122,E00032122,5A3,E99999999,"365890","1",E18000002,E08000010,"0400700",E05014994,E43000164,E65000001,WN7 1QA,WN7  1QA,WN7 1QA,E14001329,E23000005,E12000002,A1,UN1,E38000205,E30000284,"0",E33006109
"1752899",E630,E35000888,E56000032,E99999999,E92000001,"198001",,E54000057,"3190",E08000010,53.5022506713867,E37000015,,-2.51492595672607,E01006333,E01006333,E02001316,E02001316,E40000010,E00032122,E00032122,5A3,E99999999,"365942","1",E18000002,E08000010,"0400739",E05014994,E43000164,E65000001,WN7 1QB,WN7  1QB,WN7 1QB,E14001329,E23000005,E12000002,A1,UN1,E38000205,E30000284,"0",E33006109
"1752900",E630,E35000888,E56000032,E99999999,E92000001,"198001",,E54000057,"3190",E08000010,53.501350402832,E37000015,,-2.5153820514679,E01006333,E01006333,E02001316,E02001316,E40000010,E00032124,E00032124,4A2,E99999999,"365911","1",E18000002,E08000010,"0400639",E05014994,E43000164,E65000001,WN7 1QD,WN7  1QD,WN7 1QD,E14001329,E23000005,E12000002,A1,UN1,E38000205,E30000284,"0",E33006109
"1752901",E630,E35000888,E56000032,E99999999,E92000001,"198001",,E54000057,"3190",E08000010,53.4983444213867,E37000015,,-2.51796889305115,E01006333,E01006333,E02001316,E02001316,E40000010,E00032090,E00032090,7A2,E99999999,"365737","1",E18000002,E08000010,"0400306",E05015001,E43000164,E65000001,WN7 1QH,WN7  1QH,WN7 1QH,E14001329,E23000005,E12000002,A1,UN1,E38000205,E30000284,"0",E33006113
"1752902",E630,E35000888,E56000032,E99999999,E92000001,"198001",,E54000057,"3190",E08000010,53.4979705810547,E37000015,,-2.51518988609314,E01006333,E01006333,E02001316,E02001316,E40000010,E00032088,E00032088,4A2,E99999999,"365921","1",E18000002,E08000010,"0400263",E05015001,E43000164,E65000001,WN7 1QJ,WN7  1QJ,WN7 1QJ,E14001329,E23000005,E12000002,A1,UN1,E38000205,E30000284,"1",E33006113
"1752903",E630,E35000888,E56000032,E99999999,E92000001,"198001",,E54000057,"3190",E08000010,53.4985046386719,E37000015,,-2.51876902580261,E01006333,E01006333,E02001316,E02001316,E40000010,E00032090,E00032090,7A2,E99999999,"365684","1",E18000002,E08000010,"0400324",E05015001,E43000164,E65000001,WN7 1QL,WN7  1QL,WN7 1QL,E14001329,E23000005,E12000002,A1,UN1,E38000205,E30000284,"0",E33006113
"1752904",E630,E35000888,E56000032,E99999999,E92000001,"198001",,E54000057,"2537",E08000010,53.4990386962891,E37000015,,-2.51939392089844,E01006328,E01006328,E02001316,E02001316,E40000010,E00032072,E00032072,5A3,E99999999,"365643","1",E18000002,E08000010,"0400384",E05015001,E43000164,E65000001,WN7 1QP,WN7  1QP,WN7 1QP,E14001329,E23000005,E12000002,A1,UN1,E38000205,E30000284,"0",E33006111
"1752905",E630,E35000888,E56000032,E99999999,E92000001,"198001",,E54000057,"1408",E08000010,53.5001487731934,E37000015,,-2.51868391036987,E01006334,E01006334,E02001316,E02001316,E40000010,E00032081,E00032081,4A2,E99999999,"365691","1",E18000002,E08000010,"0400507",E05015001,E43000164,E65000001,WN7 1QR,WN7  1QR,WN7 1QR,E14001329,E23000005,E12000002,A1,UN1,E38000205,E30000284,"0",E33006109
"1752906",E630,E35000888,E56000032,E99999999,E92000001,"198001",,E54000057,"1408",E08000010,53.500316619873,E37000015,,-2.51906299591064,E01006334,E01006334,E02001316,E02001316,E40000010,E00032081,E00032081,4A2,E99999999,"365666","1",E18000002,E08000010,"0400526",E05015001,E43000164,E65000001,WN7 1QX,WN7  1QX,WN7 1QX,E14001329,E23000005,E12000002,A1,UN1,E38000205,E30000284,"0",E33006109
"1752907",E630,E35000888,E56000032,E99999999,E92000001,"198001",,E54000057,"1408",E08000010,53.5021286010742,E37000015,,-2.51840710639954,E01006334,E01006334,E02001316,E02001316,E40000010,E00032121,E00032121,8B1,E99999999,"365711","1",E18000002,E08000010,"0400727",E05015001,E43000164,E65000001,WN7 1QY,WN7  1QY,WN7 1QY,E14001329,E23000005,E12000002,A1,UN1,E38000205,E30000284,"0",E33006114
"1752908",E630,E35000888,E56000032,E99999999,E92000001,"198001",,E54000057,"1408",E08000010,53.5010261535645,E37000015,,-2.51887607574463,E01006334,E01006334,E02001316,E02001316,E40000010,E00032078,E00032078,5A3,E99999999,"365679","1",E18000002,E08000010,"0400605",E05015001,E43000164,E65000001,WN7 1QZ,WN7  1QZ,WN7 1QZ,E14001329,E23000005,E12000002,A1,UN1,E38000205,E30000284,"0",E33006114
"1752909",E630,E35000888,E56000032,E99999999,E92000001,"198001",,E54000057,"1408",E08000010,53.5006103515625,E37000015,,-2.51957893371582,E01006334,E01006334,E02001316,E02001316,E40000010,E00032081,E00032081,4A2,E99999999,"365632","1",E18000002,E08000010,"0400559",E05015001,E43000164,E65000001,WN7 1RB,WN7  1RB,WN7 1RB,E14001329,E23000005,E12000002,A1,UN1,E38000205,E30000284,"0",E33006109
"1752910",E630,E35000888,E56000032,E99999999,E92000001,"198704",,E54000057,"1408",E08000010,53.5035133361816,E37000015,,-2.52243399620056,E01006334,E01006334,E02001316,E02001316,E40000010,E00032083,E00032083,8B1,E99999999,"365445","1",E18000002,E08000010,"0400883",E05015001,E43000164,E65000001,WN7 1RD,WN7  1RD,WN7 1RD,E14001329,E23000005,E12000002,A1,UN1,E38000205,E30000284,"1",E33006114
"1752911",E630,E35000888,E56000032,E99999999,E92000001,"198001",,E54000057,"1408",E08000010,53.5002632141113,E37000015,,-2.52068996429443,E01006334,E01006334,E02001316,E02001316,E40000010,E00032084,E00032084,7A2,E99999999,"365558","1",E18000002,E08000010,"0400521",E05015001,E43000164,E65000001,WN7 1RE,WN7  1RE,WN7 1RE,E14001329,E23000005,E12000002,A1,UN1,E38000205,E30000284,"0",E33006111
"1752912",E630,E35000888,E56000032,E99999999,E92000001,"198001",,E54000057,"1408",E08000010,53.5002784729004,E37000015,,-2.52139902114868,E01006334,E01006334,E02001316,E02001316,E40000010,E00032084,E00032084,7A2,E99999999,"365511","1",E18000002,E08000010,"0400523",E05015001,E43000164,E65000001,WN7 1RF,WN7  1RF,WN7 1RF,E14001329,E23000005,E12000002,A1,UN1,E38000205,E30000284,"0",E33006111
"1752913",E630,E35000888,E56000032,E99999999,E92000001,"198001",,E54000057,"1408",E08000010,53.5006217956543,E37000015,,-2.52137303352356,E01006334,E01006334,E02001316,E02001316,E40000010,E00032083,E00032083,8B1,E99999999,"365513","1",E18000002,E08000010,"0400561",E05015001,E43000164,E65000001,WN7 1RG,WN7  1RG,WN7 1RG,E14001329,E23000005,E12000002,A1,UN1,E38000205,E30000284,"0",E33006114
"1752914",E630,E35000888,E56000032,E99999999,E92000001,"198001",,E54000057,"1408",E08000010,53.5029792785645,E37000015,,-2.52090501785278,E01006334,E01006334,E02001316,E02001316,E40000010,E00032083,E00032083,8B1,E99999999,"365546","1",E18000002,E08000010,"0400823",E05015001,E43000164,E65000001,WN7 1RH,WN7  1RH,WN7 1RH,E14001329,E23000005,E12000002,A1,UN1,E38000205,E30000284,"0",E33006114
"1752915",E630,E35000888,E56000032,E99999999,E92000001,"198001",,E54000057,"1408",E08000010,53.5031051635742,E37000015,,-2.52054405212402,E01006334,E01006334,E02001316,E02001316,E40000010,E00032120,E00032120,5A3,E99999999,"365570","1",E18000002,E08000010,"0400837",E05015001,E43000164,E65000001,WN7 1RJ,WN7  1RJ,WN7 1RJ,E14001329,E23000005,E12000002,A1,UN1,E38000205,E30000284,"0",E33006114
"1752916",E630,E35000888,E56000032,E99999999,E92000001,"198001",,E54000057,"1408",E08000010,53.5018348693848,E37000015,,-2.52143311500549,E01006334,E01006334,E02001316,E02001316,E40000010,E00032083,E00032083,8B1,E99999999,"365510","1",E18000002,E08000010,"0400696",E05015001,E43000164,E65000001,WN7 1RL,WN7  1RL,WN7 1RL,E14001329,E23000005,E12000002,A1,UN1,E38000205,E30000284,"0",E33006114
"1752917",E630,E35000888,E56000032,E99999999,E92000001,"198001",,E54000057,"1408",E08000010,53.501350402832,E37000015,,-2.51967906951904,E01006334,E01006334,E02001316,E02001316,E40000010,E00032078,E00032078,5A3,E99999999,"365626","1",E18000002,E08000010,"0400641",E05015001,E43000164,E65000001,WN7 1RP,WN7  1RP,WN7 1RP,E14001329,E23000005,E12000002,A1,UN1,E38000205,E30000284,"0",E33006114
"1752918",E630,E35000888,E56000032,E99999999,E92000001,"198001",,E54000057,"1408",E08000010,53.5013694763184,E37000015,,-2.52073407173157,E01006334,E01006334,E02001316,E02001316,E40000010,E00032083,E00032083,8B1,E99999999,"365556","1",E18000002,E08000010,"0400644",E05015001,E43000164,E65000001,WN7 1RQ,WN7  1RQ,WN7 1RQ,E14001329,E23000005,E12000002,A1,UN1,E38000205,E30000284,"0",E33006114
"1752919",E630,E35000888,E56000032,E99999999,E92000001,"198001",,E54000057,"1408",E08000010,53.5023040771484,E37000015,,-2.52118301391602,E01006334,E01006334,E02001316,E02001316,E40000010,E00032083,E00032083,8B1,E99999999,"365527","1",E18000002,E08000010,"0400748",E05015001,E43000164,E65000001,WN7 1RR,WN7  1RR,WN7 1RR,E14001329,E23000005,E12000002,A1,UN1,E38000205,E30000284,"0",E33006114
"1752920",E630,E35000888,E56000032,E99999999,E92000001,"198001",,E54000057,"1408",E08000010,53.502742767334,E37000015,,-2.51910805702209,E01006334,E01006334,E02001316,E02001316,E40000010,E00032121,E00032121,8B1,E99999999,"365665","1",E18000002,E08000010,"0400796",E05015001,E43000164,E65000001,WN7 1RS,WN7  1RS,WN7 1RS,E14001329,E23000005,E12000002,A1,UN1,E38000205,E30000284,"0",E33006114
"1752921",E630,E35000888,E56000032,E99999999,E92000001,"198001",,E54000057,"1408",E08000010,53.5028114318848,E37000015,,-2.51981711387634,E01006334,E01006334,E02001316,E02001316,E40000010,E00032120,E00032120,5A3,E99999999,"365618","1",E18000002,E08000010,"0400804",E05015001,E43000164,E65000001,WN7 1RT,WN7  1RT,WN7 1RT,E14001329,E23000005,E12000002,A1,UN1,E38000205,E30000284,"0",E33006114
"1752922",E630,E35000888,E56000032,E99999999,E92000001,"198001",,E54000057,"1408",E08000010,53.5031242370605,E37000015,,-2.52024292945862,E01006334,E01006334,E02001316,E02001316,E40000010,E00032120,E00032120,5A3,E99999999,"365590","1",E18000002,E08000010,"0400839",E05015001,E43000164,E65000001,WN7 1RU,WN7  1RU,WN7 1RU,E14001329,E23000005,E12000002,A1,UN1,E38000205,E30000284,"0",E33006114
"1752923",E630,E35000888,E56000032,E99999999,E92000001,"198001",,E54000057,"1408",E08000010,53.5013084411621,E37000015,,-2.5203869342804,E01006334,E01006334,E02001316,E02001316,E40000010,E00032078,E00032078,5A3,E99999999,"365579","1",E18000002,E08000010,"0400637",E05015001,E43000164,E65000001,WN7 1RW,WN7  1RW,WN7 1RW,E14001329,E23000005,E12000002,A1,UN1,E38000205,E30000284,"0",E33006114
"1752924",E630,E35000888,E56000032,E99999999,E92000001,"198001",,E54000057,"1408",E08000010,53.5009117126465,E37000015,,-2.51846694946289,E01006334,E01006334,E02001316,E02001316,E40000010,E00032081,E00032081,4A2,E99999999,"365706","1",E18000002,E08000010,"0400592",E05014994,E43000164,E65000001,WN7 1RX,WN7  1RX,WN7 1RX,E14001329,E23000005,E12000002,A1,UN1,E38000205,E30000284,"0",E33006109
"1752925",E630,E35000888,E56000032,E99999999,E92000001,"198001",,E54000057,"6233",E08000010,53.504467010498,E37000015,,-2.51958107948303,E01006338,E01006338,E02001316,E02001316,E40000010,E00032113,E00032113,5A1,E99999999,"365635","1",E18000002,E08000010,"0400988",E05014994,E43000164,E65000001,WN7 1RY,WN7  1RY,WN7 1RY,E14001329,E23000005,E12000002,A1,UN1,E38000205,E30000284,"0",E33006110
"1752926",E630,E35000888,E56000032,E99999999,E92000001,"198001",,E54000057,"6233",E08000010,53.5047340393066,E37000015,,-2.52012705802917,E01006338,E01006338,E02001316,E02001316,E40000010,E00032113,E00032113,5A1,E99999999,"365599","1",E18000002,E08000010,"0401018",E05014994,E43000164,E65000001,WN7 1RZ,WN7  1RZ,WN7 1RZ,E14001329,E23000005,E12000002,A1,UN1,E38000205,E30000284,"0",E33006110
"1752927",E630,E35000888,E56000032,E99999999,E92000001,"198001",,E54000057,"6233",E08000010,53.5042953491211,E37000015,,-2.52173495292664,E01006338,E01006338,E02001316,E02001316,E40000010,E00032113,E00032113,5A1,E99999999,"365492","1",E18000002,E08000010,"0400970",E05014994,E43000164,E65000001,WN7 1SA,WN7  1SA,WN7 1SA,E14001329,E23000005,E12000002,A1,UN1,E38000205,E30000284,"0",E33006110
"1752928",E630,E35000888,E56000032,E99999999,E92000001,"198001",,E54000057,"6233",E08000010,53.5045928955078,E37000015,,-2.52158808708191,E01006338,E01006338,E02001316,E02001316,E40000010,E00032113,E00032113,5A1,E99999999,"365502","1",E18000002,E08000010,"0401003",E05014994,E43000164,E65000001,WN7 1SB,WN7  1SB,WN7 1SB,E14001329,E23000005,E12000002,A1,UN1,E38000205,E30000284,"0",E33006110
"1752929",E630,E35000888,E56000032,E99999999,E92000001,"198001",,E54000057,"6233",E08000010,53.5046615600586,E37000015,,-2.52094006538391,E01006338,E01006338,E02001316,E02001316,E40000010,E00032113,E00032113,5A1,E99999999,"365545","1",E18000002,E08000010,"0401010",E05014994,E43000164,E65000001,WN7 1SD,WN7  1SD,WN7 1SD,E14001329,E23000005,E12000002,A1,UN1,E38000205,E30000284,"0",E33006110
"1752930",E630,E35000888,E56000032,E99999999,E92000001,"198001",,E54000057,"6233",E08000010,53.5055961608887,E37000015,,-2.52084589004517,E01006338,E01006338,E02001316,E02001316,E40000010,E00032113,E00032113,5A1,E99999999,"365552","1",E18000002,E08000010,"0401114",E05014994,E43000164,E65000001,WN7 1SE,WN7  1SE,WN7 1SE,E14001329,E23000005,E12000002,A1,UN1,E38000205,E30000284,"0",E33006110
"1752931",E630,E35000888,E56000032,E99999999,E92000001,"198001",,E54000057,"6233",E08000010,53.5053634643555,E37000015,,-2.52067804336548,E01006338,E01006338,E02001316,E02001316,E40000010,E00032113,E00032113,5A1,E99999999,"365563","1",E18000002,E08000010,"0401088",E05014994,E43000164,E65000001,WN7 1SF,WN7  1SF,WN7 1SF,E14001329,E23000005,E12000002,A1,UN1,E38000205,E30000284,"0",E33006110
"1752932",E630,E35000888,E56000032,E99999999,E92000001,"198001",,E54000057,"6233",E08000010,53.5050430297852,E37000015,,-2.5193920135498,E01006338,E01006338,E02001316,E02001316,E40000010,E00032113,E00032113,5A1,E99999999,"365648","1",E18000002,E08000010,"0401052",E05014994,E43000164,E65000001,WN7 1SG,WN7  1SG,WN7 1SG,E14001329,E23000005,E12000002,A1,UN1,E38000205,E30000284,"0",E33006110
"1752933",E630,E35000888,E56000032,E99999999,E92000001,"198001",,E54000057,"6233",E08000010,53.5048980712891,E37000015,,-2.51794290542603,E01006338,E01006338,E02001316,E02001316,E40000010,E00032112,E00032112,5A3,E99999999,"365744","1",E18000002,E08000010,"0401035",E05014994,E43000164,E65000001,WN7 1SH,WN7  1SH,WN7 1SH,E14001329,E23000005,E12000002,A1,UN1,E38000205,E30000284,"0",E33006110
"1752934",E630,E35000888,E56000032,E99999999,E92000001,"198001",,E54000057,"6233",E08000010,53.5038375854492,E37000015,,-2.51782393455505,E01006338,E01006338,E02001316,E02001316,E40000010,E00032117,E00032117,8B1,E99999999,"365751","1",E18000002,E08000010,"0400917",E05014994,E43000164,E65000001,WN7 1SJ,WN7  1SJ,WN7 1SJ,E14001329,E23000005,E12000002,A1,UN1,E38000205,E30000284,"0",E33006110
"1752935",E630,E35000888,E56000032,E99999999,E92000001,"198001",,E54000057,"1408",E08000010,53.502685546875,E37000015,,-2.51781010627747,E01006334,E01006334,E02001316,E02001316,E40000010,E00032121,E00032121,8B1,E99999999,"365751","1",E18000002,E08000010,"0400789",E05014994,E43000164,E65000001,WN7 1SL,WN7  1SL,WN7 1SL,E14001329,E23000005,E12000002,A1,UN1,E38000205,E30000284,"0",E33006114
"1752938",E630,E35000888,E56000032,E99999999,E92000001,"198001",,E54000057,"6233",E08000010,53.5048217773438,E37000015,,-2.51899695396423,E01006338,E01006338,E02001316,E02001316,E40000010,E00032113,E00032113,5A1,E99999999,"365674","1",E18000002,E08000010,"0401027",E05014994,E43000164,E65000001,WN7 1SQ,WN7  1SQ,WN7 1SQ,E14001329,E23000005,E12000002,A1,UN1,E38000205,E30000284,"0",E33006110
"1752939",E630,E35000888,E56000032,E99999999,E92000001,"199405",,E54000057,"6233",E08000010,53.5073432922363,E37000015,,-2.51767110824585,E01006338,E01006338,E02001316,E02001316,E40000010,E00032112,E00032112,5A3,E99999999,"365764","1",E18000002,E08000010,"0401307",E05014994,E43000164,E65000001,WN7 1SR,WN7  1SR,WN7 1SR,E14001329,E23000005,E12000002,A1,UN1,E38000205,E30000284,"0",E33006110
"1752944",E630,E35000888,E56000032,E99999999,E92000001,"198001",,E54000057,"6233",E08000010,53.5073013305664,E37000015,,-2.51877093315125,E01006338,E01006338,E02001316,E02001316,E40000010,E00032112,E00032112,5A3,E99999999,"365691","1",E18000002,E08000010,"0401303",E05014994,E43000164,E65000001,WN7 1TA,WN7  1TA,WN7 1TA,E14001329,E23000005,E12000002,A1,UN1,E38000205,E30000284,"0",E33006110
"1752945",E630,E35000888,E56000032,E99999999,E92000001,"198001",,E54000057,"6233",E08000010,53.5060119628906,E37000015,,-2.51812195777893,E01006338,E01006338,E02001316,E02001316,E40000010,E00032112,E00032112,5A3,E99999999,"365733","1",E18000002,E08000010,"0401159",E05014994,E43000164,E65000001,WN7 1TF,WN7  1TF,WN7 1TF,E14001329,E23000005,E12000002,A1,UN1,E38000205,E30000284,"0",E33006110
"1752946",E630,E35000888,E56000032,E99999999,E92000001,"201004",,E54000057,"1408",E08000010,53.5002784729004,E37000015,,-2.51966500282288,E01006334,E01006334,E02001316,E02001316,E40000010,E00032081,E00032081,4A2,E99999999,"365626","1",E18000002,E08000010,"0400522",E05015001,E43000164,E65000001,WN7 1TG,WN7  1TG,WN7 1TG,E14001329,E23000005,E12000002,A1,UN1,E38000205,E30000284,"0",E33006109
"1752947",E630,E35000888,E56000032,E99999999,E92000001,"198001",,E54000057,"6233",E08000010,53.5065612792969,E37000015,,-2.51960706710815,E01006338,E01006338,E02001316,E02001316,E40000010,E00032112,E00032112,5A3,E99999999,"365635","1",E18000002,E08000010,"0401221",E05014994,E43000164,E65000001,WN7 1TH,WN7  1TH,WN7 1TH,E14001329,E23000005,E12000002,A1,UN1,E38000205,E30000284,"0",E33006110
"1752952",E630,E35000888,E56000032,E99999999,E92000001,"198109",,E54000057,"6233",E08000010,53.5064086914062,E37000015,,-2.51760005950928,E01006338,E01006338,E02001316,E02001316,E40000010,E00032112,E00032112,5A3,E99999999,"365768","1",E18000002,E08000010,"0401203",E05014994,E43000164,E65000001,WN7 1TQ,WN7  1TQ,WN7 1TQ,E14001329,E23000005,E12000002,A1,UN1,E38000205,E30000284,"0",E33006110
"1752965",E630,E35000888,E56000032,E99999999,E92000001,"200701",,E54000057,"6233",E08000010,53.5062484741211,E37000015,,-2.51970791816711,E01006338,E01006338,E02001316,E02001316,E40000010,E00032112,E00032112,5A3,E99999999,"365628","1",E18000002,E08000010,"0401186",E05014994,E43000164,E65000001,WN7 1UG,WN7  1UG,WN7 1UG,E14001329,E23000005,E12000002,A1,UN1,E38000205,E30000284,"0",E33006110
"1752966",E630,E35000888,E56000032,E99999999,E92000001,"198001",,E54000057,"1408",E08000010,53.5000190734863,E37000015,,-2.51957201957703,E01006334,E01006334,E02001316,E02001316,E40000010,E00032084,E00032084,7A2,E99999999,"365632","1",E18000002,E08000010,"0400493",E05015001,E43000164,E65000001,WN7 1UT,WN7  1UT,WN7 1UT,E14001329,E23000005,E12000002,A1,UN1,E38000205,E30000284,"1",E33006111
"1752967",E630,E35000888,E56000032,E99999999,E92000001,"198001",,E54000057,"1408",E08000010,53.4999084472656,E37000015,,-2.52020406723022,E01006334,E01006334,E02001316,E02001316,E40000010,E00032084,E00032084,7A2,E99999999,"365590","1",E18000002,E08000010,"0400481",E05015001,E43000164,E65000001,WN7 1UU,WN7  1UU,WN7 1UU,E14001329,E23000005,E12000002,A1,UN1,E38000205,E30000284,"0",E33006111
"1752968",E630,E35000888,E56000032,E99999999,E92000001,"198001",,E54000057,"1408",E08000010,53.4997978210449,E37000015,,-2.52094101905823,E01006334,E01006334,E02001316,E02001316,E40000010,E00032084,E00032084,7A2,E99999999,"365541","1",E18000002,E08000010,"0400469",E05015001,E43000164,E65000001,WN7 1UX,WN7  1UX,WN7 1UX,E14001329,E23000005,E12000002,A1,UN1,E38000205,E30000284,"0",E33006111
"1752969",E630,E35000888,E56000032,E99999999,E92000001,"198001",,E54000057,"2537",E08000010,53.4992027282715,E37000015,,-2.52131104469299,E01006328,E01006328,E02001316,E02001316,E40000010,E00032072,E00032072,5A3,E99999999,"365516","1",E18000002,E08000010,"0400403",E05015001,E43000164,E65000001,WN7 1UY,WN7  1UY,WN7 1UY,E14001329,E23000005,E12000002,A1,UN1,E38000205,E30000284,"1",E33006111
"1752970",E630,E35000888,E56000032,E99999999,E92000001,"198001",,E54000057,"1408",E08000010,53.4997940063477,E37000015,,-2.52366995811462,E01006334,E01006334,E02001316,E02001316,E40000010,E00032084,E00032084,7A2,E99999999,"365360","1",E18000002,E08000010,"0400470",E05015001,E43000164,E65000001,WN7 1UZ,WN7  1UZ,WN7 1UZ,E14001329,E23000005,E12000002,A1,UN1,E38000205,E30000284,"0",E33006111
"1752971",E630,E35000888,E56000032,E99999999,E92000001,"200703",,E54000057,"1408",E08000010,53.4997215270996,E37000015,,-2.52196502685547,E01006334,E01006334,E02001316,E02001316,E40000010,E00032084,E00032084,7A2,E99999999,"365473","1",E18000002,E08000010,"0400461",E05015001,E43000164,E65000001,WN7 1WH,WN7  1WH,WN7 1WH,E14001329,E23000005,E12000002,A1,UN1,E38000205,E30000284,"0",E33006111
"1752973",E630,E35000888,E56000032,E99999999,E92000001,"198001",,E54000057,"1408",E08000010,53.5003967285156,E37000015,,-2.52180790901184,E01006334,E01006334,E02001316,E02001316,E40000010,E00032084,E00032084,7A2,E99999999,"365484","1",E18000002,E08000010,"0400536",E05015001,E43000164,E65000001,WN7 1XB,WN7  1XB,WN7 1XB,E14001329,E23000005,E12000002,A1,UN1,E38000205,E30000284,"0",E33006111
"1752975",E630,E35000888,E56000032,E99999999,E92000001,"198001",,E54000057,"1408",E08000010,53.5002059936523,E37000015,,-2.52414202690125,E01006334,E01006334,E02001316,E02001316,E40000010,E00032084,E00032084,7A2,E99999999,"365329","1",E18000002,E08000010,"0400516",E05015001,E43000164,E65000001,WN7 1XF,WN7  1XF,WN7 1XF,E14001329,E23000005,E12000002,A1,UN1,E38000205,E30000284,"0",E33006111
"1752981",E630,E35000888,E56000032,E99999999,E92000001,"198001",,E54000057,"1408",E08000010,53.5002326965332,E37000015,,-2.5245189666748,E01006334,E01006334,E02001316,E02001316,E40000010,E00032084,E00032084,7A2,E99999999,"365304","1",E18000002,E08000010,"0400519",E05015001,E43000164,E65000001,WN7 1XQ,WN7  1XQ,WN7 1XQ,E14001329,E23000005,E12000002,A1,UN1,E38000205,E30000284,"0",E33006111
"1752983",E630,E35000888,E56000032,E99999999,E92000001,"198001",,E54000057,"2537",E08000010,53.4981689453125,E37000015,,-2.52319693565369,E01006328,E01006328,E02001316,E02001316,E40000010,E00032072,E00032072,5A3,E99999999,"365390","1",E18000002,E08000010,"0400289",E05015001,E43000164,E65000001,WN7 1XS,WN7  1XS,WN7 1XS,E14001329,E23000005,E12000002,A1,UN1,E38000205,E30000284,"0",E33006111
"1752984",E630,E35000888,E56000032,E99999999,E92000001,"198001",,E54000057,"2537",E08000010,53.4980735778809,E37000015,,-2.52202010154724,E01006328,E01006328,E02001316,E02001316,E40000010,E00032072,E00032072,5A3,E99999999,"365468","1",E18000002,E08000010,"0400278",E05015001,E43000164,E65000001,WN7 1XT,WN7  1XT,WN7 1XT,E14001329,E23000005,E12000002,A1,UN1,E38000205,E30000284,"0",E33006111
"1752985",E630,E35000888,E56000032,E99999999,E92000001,"198001",,E54000057,"2537",E08000010,53.4977416992188,E37000015,,-2.522136926651,E01006328,E01006328,E02001316,E02001316,E40000010,E00032072,E00032072,5A3,E99999999,"365460","1",E18000002,E08000010,"0400241",E05015001,E43000164,E65000001,WN7 1XU,WN7  1XU,WN7 1XU,E14001329,E23000005,E12000002,A1,UN1,E38000205,E30000284,"0",E33006111
"1752987",E630,E35000888,E56000032,E99999999,E92000001,"198001",,E54000057,"2537",E08000010,53.4976615905762,E37000015,,-2.52178907394409,E01006328,E01006328,E02001316,E02001316,E40000010,E00032048,E00032048,4B1,E99999999,"365483","1",E18000002,E08000010,"0400232",E05015001,E43000164,E65000001,WN7 1XX,WN7  1XX,WN7 1XX,E14001329,E23000005,E12000002,A1,UN1,E38000205,E30000284,"0",E33006108
"1752989",E630,E35000888,E56000032,E99999999,E92000001,"198001",,E54000057,"2537",E08000010,53.4974594116211,E37000015,,-2.52079200744629,E01006328,E01006328,E02001316,E02001316,E40000010,E00032048,E00032048,4B1,E99999999,"365549","1",E18000002,E08000010,"0400209",E05015001,E43000164,E65000001,WN7 1YA,WN7  1YA,WN7 1YA,E14001329,E23000005,E12000002,A1,UN1,E38000205,E30000284,"0",E33006108
"1752991",E630,E35000888,E56000032,E99999999,E92000001,"198001",,E54000057,"2537",E08000010,53.4982528686523,E37000015,,-2.52051496505737,E01006328,E01006328,E02001316,E02001316,E40000010,E00032072,E00032072,5A3,E99999999,"365568","1",E18000002,E08000010,"0400297",E05015001,E43000164,E65000001,WN7 1YD,WN7  1YD,WN7 1YD,E14001329,E23000005,E12000002,A1,UN1,E38000205,E30000284,"0",E33006111
"1752992",E630,E35000888,E56000032,E99999999,E92000001,"198001",,E54000057,"2537",E08000010,53.4984817504883,E37000015,,-2.52208590507507,E01006328,E01006328,E02001316,E02001316,E40000010,E00032072,E00032072,5A3,E99999999,"365464","1",E18000002,E08000010,"0400323",E05015001,E43000164,E65000001,WN7 1YE,WN7  1YE,WN7 1YE,E14001329,E23000005,E12000002,A1,UN1,E38000205,E30000284,"0",E33006111
"1752993",E630,E35000888,E56000032,E99999999,E92000001,"198001",,E54000057,"2537",E08000010,53.4991302490234,E37000015,,-2.52293801307678,E01006328,E01006328,E02001316,E02001316,E40000010,E00032072,E00032072,5A3,E99999999,"365408","1",E18000002,E08000010,"0400396",E05015001,E43000164,E65000001,WN7 1YG,WN7  1YG,WN7 1YG,E14001329,E23000005,E12000002,A1,UN1,E38000205,E30000284,"0",E33006111
"1752994",E630,E35000888,E56000032,E99999999,E92000001,"200701",,E54000057,"2537",E08000010,53.4986839294434,E37000015,,-2.52041506767273,E01006328,E01006328,E02001316,E02001316,E40000010,E00032072,E00032072,5A3,E99999999,"365575","1",E18000002,E08000010,"0400345",E05015001,E43000164,E65000001,WN7 1YL,WN7  1YL,WN7 1YL,E14001329,E23000005,E12000002,A1,UN1,E38000205,E30000284,"0",E33006111
"1752995",E630,E35000888,E56000032,E99999999,E92000001,"201501",,E54000057,"1408",E08000010,53.5014152526855,E37000015,,-2.52311706542969,E01006334,E01006334,E02001316,E02001316,E40000010,E00032084,E00032084,7A2,E99999999,"365398","1",E18000002,E08000010,"0400650",E05015001,E43000164,E65000001,WN7 1YN,WN7  1YN,WN7 1YN,E14001329,E23000005,E12000002,A1,UN1,E38000205,E30000284,"0",E33006111
"1753168",E630,E35000888,E56000032,E99999999,E92000001,"198001",,E54000057,"3190",E08000010,53.4957656860352,E37000015,,-2.51199793815613,E01006333,E01006333,E02001316,E02001316,E40000010,E00032094,E00032094,7A2,E99999999,"366131","1",E18000002,E08000010,"0400016",E05015001,E43000164,E65000001,WN7 2RA,WN7  2RA,WN7 2RA,E14001329,E23000005,E12000002,A1,UN1,E38000205,E30000284,"0",E33002932
"1753473",E630,E35000888,E56000032,E99999999,E92000001,"198001",,E54000057,"2537",E08000010,53.4967155456543,E37000015,,-2.52057194709778,E01006328,E01006328,E02001316,E02001316,E40000010,E00032048,E00032048,4B1,E99999999,"365563","1",E18000002,E08000010,"0400126",E05015001,E43000164,E65000001,WN7 4AA,WN7  4AA,WN7 4AA,E14001329,E23000005,E12000002,A1,UN1,E38000205,E30000284,"0",E33006108
"1753474",E630,E35000888,E56000032,E99999999,E92000001,"198001",,E54000057,"2537",E08000010,53.4964866638184,E37000015,,-2.51931810379028,E01006328,E01006328,E02001316,E02001316,E40000010,E00032048,E00032048,4B1,E99999999,"365646","1",E18000002,E08000010,"0400100",E05015001,E43000164,E65000001,WN7 4AB,WN7  4AB,WN7 4AB,E14001329,E23000005,E12000002,A1,UN1,E38000205,E30000284,"1",E33006108
"1753475",E630,E35000888,E56000032,E99999999,E92000001,"198001",,E54000057,"2537",E08000010,53.4972190856934,E37000015,,-2.52273297309875,E01006328,E01006328,E02001316,E02001316,E40000010,E00032048,E00032048,4B1,E99999999,"365420","1",E18000002,E08000010,"0400183",E05015001,E43000164,E65000001,WN7 4AD,WN7  4AD,WN7 4AD,E14001329,E23000005,E12000002,A1,UN1,E38000205,E30000284,"0",E33006108
"1753478",E630,E35000888,E56000032,E99999999,E92000001,"198001",,E54000057,"2537",E08000010,53.4975929260254,E37000015,,-2.52312994003296,E01006328,E01006328,E02001316,E02001316,E40000010,E00032048,E00032048,4B1,E99999999,"365394","1",E18000002,E08000010,"0400225",E05015001,E43000164,E65000001,WN7 4AT,WN7  4AT,WN7 4AT,E14001329,E23000005,E12000002,A1,UN1,E38000205,E30000284,"0",E33006108
"1753479",E630,E35000888,E56000032,E99999999,E92000001,"198001",,E54000057,"2537",E08000010,53.4973487854004,E37000015,,-2.52208709716797,E01006328,E01006328,E02001316,E02001316,E40000010,E00032048,E00032048,4B1,E99999999,"365463","1",E18000002,E08000010,"0400197",E05015001,E43000164,E65000001,WN7 4AU,WN7  4AU,WN7 4AU,E14001329,E23000005,E12000002,A1,UN1,E38000205,E30000284,"0",E33006108
"1753480",E630,E35000888,E56000032,E99999999,E92000001,"198001",,E54000057,"2537",E08000010,53.497013092041,E37000015,,-2.52033400535583,E01006328,E01006328,E02001316,E02001316,E40000010,E00032048,E00032048,4B1,E99999999,"365579","1",E18000002,E08000010,"0400159",E05015001,E43000164,E65000001,WN7 4AX,WN7  4AX,WN7 4AX,E14001329,E23000005,E12000002,A1,UN1,E38000205,E30000284,"0",E33006108
"1753481",E630,E35000888,E56000032,E99999999,E92000001,"199906",,E54000057,"2537",E08000010,53.4971237182617,E37000015,,-2.5198380947113,E01006328,E01006328,E02001316,E02001316,E40000010,E00032048,E00032048,4B1,E99999999,"365612","1",E18000002,E08000010,"0400171",E05015001,E43000164,E65000001,WN7 4AZ,WN7  4AZ,WN7 4AZ,E14001329,E23000005,E12000002,A1,UN1,E38000205,E30000284,"0",E33006108
"1753482",E630,E35000888,E56000032,E99999999,E92000001,"201110",,E54000057,"3190",E08000010,53.4931335449219,E37000015,,-2.51564407348633,E01006333,E01006333,E02001316,E02001316,E40000010,E00032094,E00032094,7A2,E99999999,"365887","1",E18000002,E08000010,"0399725",E05015001,E43000164,E65000001,WN7 4BA,WN7  4BA,WN7 4BA,E14001329,E23000005,E12000002,A1,UN1,E38000205,E30000284,"0",E33002934
"1753494",E630,E35000888,E56000032,E99999999,E92000001,"198001",,E54000057,"2537",E08000010,53.4964256286621,E37000015,,-2.52108097076416,E01006328,E01006328,E02001316,E02001316,E40000010,E00032048,E00032048,4B1,E99999999,"365529","1",E18000002,E08000010,"0400094",E05015001,E43000164,E65000001,WN7 4BS,WN7  4BS,WN7 4BS,E14001329,E23000005,E12000002,A1,UN1,E38000205,E30000284,"0",E33006108
"1753495",E630,E35000888,E56000032,E99999999,E92000001,"198001",,E54000057,"2537",E08000010,53.4958801269531,E37000015,,-2.52063703536987,E01006328,E01006328,E02001316,E02001316,E40000010,E00032052,E00032052,7A2,E99999999,"365558","1",E18000002,E08000010,"0400033",E05015001,E43000164,E65000001,WN7 4BT,WN7  4BT,WN7 4BT,E14001329,E23000005,E12000002,A1,UN1,E38000205,E30000284,"0",E33006112
"1753498",E630,E35000888,E56000032,E99999999,E92000001,"198001",,E54000057,"2537",E08000010,53.496036529541,E37000015,,-2.52124190330505,E01006328,E01006328,E02001316,E02001316,E40000010,E00032048,E00032048,4B1,E99999999,"365518","1",E18000002,E08000010,"0400051",E05015001,E43000164,E65000001,WN7 4BY,WN7  4BY,WN7 4BY,E14001329,E23000005,E12000002,A1,UN1,E38000205,E30000284,"0",E33006108
"1753499",E630,E35000888,E56000032,E99999999,E92000001,"198001",,E54000057,"2537",E08000010,53.4949913024902,E37000015,,-2.52252507209778,E01006328,E01006328,E02001316,E02001316,E40000010,E00032052,E00032052,7A2,E99999999,"365432","1",E18000002,E08000010,"0399935",E05015001,E43000164,E65000001,WN7 4BZ,WN7  4BZ,WN7 4BZ,E14001329,E23000005,E12000002,A1,UN1,E38000205,E30000284,"0",E33006112
"1753500",E630,E35000888,E56000032,E99999999,E92000001,"198001",,E54000057,"2537",E08000010,53.4952621459961,E37000015,,-2.52203106880188,E01006328,E01006328,E02001316,E02001316,E40000010,E00032052,E00032052,7A2,E99999999,"365465","1",E18000002,E08000010,"0399965",E05015001,E43000164,E65000001,WN7 4DA,WN7  4DA,WN7 4DA,E14001329,E23000005,E12000002,A1,UN1,E38000205,E30000284,"0",E33006112
"1753501",E630,E35000888,E56000032,E99999999,E92000001,"198001",,E54000057,"2537",E08000010,53.4943656921387,E37000015,,-2.5217490196228,E01006328,E01006328,E02001316,E02001316,E40000010,E00032052,E00032052,7A2,E99999999,"365483","1",E18000002,E08000010,"0399865",E05015001,E43000164,E65000001,WN7 4DB,WN7  4DB,WN7 4DB,E14001329,E23000005,E12000002,A1,UN1,E38000205,E30000284,"0",E33006112
"1753502",E630,E35000888,E56000032,E99999999,E92000001,"198001",,E54000057,"2537",E08000010,53.4947128295898,E37000015,,-2.52262711524963,E01006328,E01006328,E02001316,E02001316,E40000010,E00032052,E00032052,7A2,E99999999,"365425","1",E18000002,E08000010,"0399904",E05015001,E43000164,E65000001,WN7 4DD,WN7  4DD,WN7 4DD,E14001329,E23000005,E12000002,A1,UN1,E38000205,E30000284,"0",E33006112
"1753503",E630,E35000888,E56000032,E99999999,E92000001,"198001",,E54000057,"2537",E08000010,53.4955596923828,E37000015,,-2.52168798446655,E01006328,E01006328,E02001316,E02001316,E40000010,E00032052,E00032052,7A2,E99999999,"365488","1",E18000002,E08000010,"0399998",E05015001,E43000164,E65000001,WN7 4DE,WN7  4DE,WN7 4DE,E14001329,E23000005,E12000002,A1,UN1,E38000205,E30000284,"0",E33006112
"1753504",E630,E35000888,E56000032,E99999999,E92000001,"198001",,E54000057,"2537",E08000010,53.4955558776855,E37000015,,-2.5209789276123,E01006328,E01006328,E02001316,E02001316,E40000010,E00032052,E00032052,7A2,E99999999,"365535","1",E18000002,E08000010,"0399997",E05015001,E43000164,E65000001,WN7 4DF,WN7  4DF,WN7 4DF,E14001329,E23000005,E12000002,A1,UN1,E38000205,E30000284,"0",E33006112
"1753505",E630,E35000888,E56000032,E99999999,E92000001,"198001",,E54000057,"2537",E08000010,53.4958114624023,E37000015,,-2.52143502235413,E01006328,E01006328,E02001316,E02001316,E40000010,E00032052,E00032052,7A2,E99999999,"365505","1",E18000002,E08000010,"0400026",E05015001,E43000164,E65000001,WN7 4DG,WN7  4DG,WN7 4DG,E14001329,E23000005,E12000002,A1,UN1,E38000205,E30000284,"0",E33006112
"1753506",E630,E35000888,E56000032,E99999999,E92000001,"198001",,E54000057,"2537",E08000010,53.4946823120117,E37000015,,-2.52301907539368,E01006328,E01006328,E02001316,E02001316,E40000010,E00032052,E00032052,7A2,E99999999,"365399","1",E18000002,E08000010,"0399901",E05015001,E43000164,E65000001,WN7 4DH,WN7  4DH,WN7 4DH,E14001329,E23000005,E12000002,A1,UN1,E38000205,E30000284,"0",E33006112
"1753507",E630,E35000888,E56000032,E99999999,E92000001,"198001",,E54000057,"2537",E08000010,53.4948387145996,E37000015,,-2.5238950252533,E01006328,E01006328,E02001316,E02001316,E40000010,E00032052,E00032052,7A2,E99999999,"365341","1",E18000002,E08000010,"0399919",E05015001,E43000164,E65000001,WN7 4DJ,WN7  4DJ,WN7 4DJ,E14001329,E23000005,E12000002,A1,UN1,E38000205,E30000284,"0",E33006112
"1753508",E630,E35000888,E56000032,E99999999,E92000001,"198001",,E54000057,"2537",E08000010,53.495288848877,E37000015,,-2.5243980884552,E01006328,E01006328,E02001316,E02001316,E40000010,E00032043,E00032043,8B1,E99999999,"365308","1",E18000002,E08000010,"0399969",E05015001,E43000164,E65000001,WN7 4DL,WN7  4DL,WN7 4DL,E14001329,E23000005,E12000002,A1,UN1,E38000205,E30000284,"0",E33006112
"1753509",E630,E35000888,E56000032,E99999999,E92000001,"198001",,E54000057,"2537",E08000010,53.4949913024902,E37000015,,-2.52416801452637,E01006328,E01006328,E02001316,E02001316,E40000010,E00032052,E00032052,7A2,E99999999,"365323","1",E18000002,E08000010,"0399936",E05015001,E43000164,E65000001,WN7 4DN,WN7  4DN,WN7 4DN,E14001329,E23000005,E12000002,A1,UN1,E38000205,E30000284,"0",E33006112
"1753510",E630,E35000888,E56000032,E99999999,E92000001,"198001",,E54000057,"2537",E08000010,53.4958534240723,E37000015,,-2.52443504333496,E01006328,E01006328,E02001316,E02001316,E40000010,E00032044,E00032044,8B1,E99999999,"365306","1",E18000002,E08000010,"0400032",E05015001,E43000164,E65000001,WN7 4DP,WN7  4DP,WN7 4DP,E14001329,E23000005,E12000002,A1,UN1,E38000205,E30000284,"0",E33006108
"1753511",E630,E35000888,E56000032,E99999999,E92000001,"198001",,E54000057,"2537",E08000010,53.4962692260742,E37000015,,-2.52213406562805,E01006328,E01006328,E02001316,E02001316,E40000010,E00032048,E00032048,4B1,E99999999,"365459","1",E18000002,E08000010,"0400077",E05015001,E43000164,E65000001,WN7 4DQ,WN7  4DQ,WN7 4DQ,E14001329,E23000005,E12000002,A1,UN1,E38000205,E30000284,"0",E33006108
"1753512",E630,E35000888,E56000032,E99999999,E92000001,"198001",,E54000057,"2537",E08000010,53.4962921142578,E37000015,,-2.52257108688354,E01006328,E01006328,E02001316,E02001316,E40000010,E00032044,E00032044,8B1,E99999999,"365430","1",E18000002,E08000010,"0400080",E05015001,E43000164,E65000001,WN7 4DR,WN7  4DR,WN7 4DR,E14001329,E23000005,E12000002,A1,UN1,E38000205,E30000284,"0",E33006108
"1753513",E630,E35000888,E56000032,E99999999,E92000001,"198001",,E54000057,"2537",E08000010,53.4964981079102,E37000015,,-2.52313089370728,E01006328,E01006328,E02001316,E02001316,E40000010,E00032044,E00032044,8B1,E99999999,"365393","1",E18000002,E08000010,"0400103",E05015001,E43000164,E65000001,WN7 4DS,WN7  4DS,WN7 4DS,E14001329,E23000005,E12000002,A1,UN1,E38000205,E30000284,"0",E33006108
"1753514",E630,E35000888,E56000032,E99999999,E92000001,"198001",,E54000057,"2537",E08000010,53.4961585998535,E37000015,,-2.52466511726379,E01006328,E01006328,E02001316,E02001316,E40000010,E00032044,E00032044,8B1,E99999999,"365291","1",E18000002,E08000010,"0400066",E05015001,E43000164,E65000001,WN7 4DT,WN7  4DT,WN7 4DT,E14001329,E23000005,E12000002,A1,UN1,E38000205,E30000284,"0",E33006108
"1753515",E630,E35000888,E56000032,E99999999,E92000001,"198001",,E54000057,"2537",E08000010,53.494800567627,E37000015,,-2.52514505386353,E01006328,E01006328,E02001316,E02001316,E40000010,E00032043,E00032043,8B1,E99999999,"365258","1",E18000002,E08000010,"0399915",E05015001,E43000164,E65000001,WN7 4DU,WN7  4DU,WN7 4DU,E14001329,E23000005,E12000002,A1,UN1,E38000205,E30000284,"0",E33006112
"1753516",E630,E35000888,E56000032,E99999999,E92000001,"198001",,E54000057,"2537",E08000010,53.4956321716309,E37000015,,-2.52518606185913,E01006328,E01006328,E02001316,E02001316,E40000010,E00032043,E00032043,8B1,E99999999,"365256","1",E18000002,E08000010,"0400008",E05015001,E43000164,E65000001,WN7 4DW,WN7  4DW,WN7 4DW,E14001329,E23000005,E12000002,A1,UN1,E38000205,E30000284,"0",E33006112
"1753518",E630,E35000888,E56000032,E99999999,E92000001,"198001",,E54000057,"2537",E08000010,53.4963455200195,E37000015,,-2.52466702461243,E01006328,E01006328,E02001316,E02001316,E40000010,E00032044,E00032044,8B1,E99999999,"365291","1",E18000002,E08000010,"0400087",E05015001,E43000164,E65000001,WN7 4DY,WN7  4DY,WN7 4DY,E14001329,E23000005,E12000002,A1,UN1,E38000205,E30000284,"0",E33006108
"1753524",E630,E35000888,E56000032,E99999999,E92000001,"198001",,E54000057,"2537",E08000010,53.4961013793945,E37000015,,-2.52727198600769,E01006328,E01006328,E02001316,E02001316,E40000010,E00032043,E00032043,8B1,E99999999,"365118","1",E18000002,E08000010,"0400061",E05015001,E43000164,E65000001,WN7 4EF,WN7  4EF,WN7 4EF,E14001329,E23000005,E12000002,A1,UN1,E38000205,E30000284,"0",E33006112
"1753528",E630,E35000888,E56000032,E99999999,E92000001,"199906",,E54000057,"2537",E08000010,53.4956855773926,E37000015,,-2.52212691307068,E01006328,E01006328,E02001316,E02001316,E40000010,E00032048,E00032048,4B1,E99999999,"365459","1",E18000002,E08000010,"0400012",E05015001,E43000164,E65000001,WN7 4EN,WN7  4EN,WN7 4EN,E14001329,E23000005,E12000002,A1,UN1,E38000205,E30000284,"0",E33006108
"1753533",E630,E35000888,E56000032,E99999999,E92000001,"198001",,E54000057,"2537",E08000010,53.4966468811035,E37000015,,-2.5302939414978,E01006328,E01006328,E02001316,E02001316,E40000010,E00032043,E00032043,8B1,E99999999,"364918","1",E18000002,E08000010,"0400123",E05015003,E43000164,E65000001,WN7 4ET,WN7  4ET,WN7 4ET,E14001329,E23000005,E12000002,A1,UN1,E38000205,E30000284,"0",E33006112
"1753534",E630,E35000888,E56000032,E99999999,E92000001,"200905",,E54000057,"2537",E08000010,53.4961166381836,E37000015,,-2.5218300819397,E01006328,E01006328,E02001316,E02001316,E40000010,E00032048,E00032048,4B1,E99999999,"365479","1",E18000002,E08000010,"0400060",E05015001,E43000164,E65000001,WN7 4EU,WN7  4EU,WN7 4EU,E14001329,E23000005,E12000002,A1,UN1,E38000205,E30000284,"0",E33006108
"1753535",E630,E35000888,E56000032,E99999999,E92000001,"198001",,E54000057,"2537",E08000010,53.4967041015625,E37000015,,-2.52926898002625,E01006328,E01006328,E02001316,E02001316,E40000010,E00032043,E00032043,8B1,E99999999,"364986","1",E18000002,E08000010,"0400129",E05015003,E43000164,E65000001,WN7 4EW,WN7  4EW,WN7 4EW,E14001329,E23000005,E12000002,A1,UN1,E38000205,E30000284,"0",E33006112
"1753537",E630,E35000888,E56000032,E99999999,E92000001,"200905",,E54000057,"2537",E08000010,53.4959983825684,E37000015,,-2.52190399169922,E01006328,E01006328,E02001316,E02001316,E40000010,E00032048,E00032048,4B1,E99999999,"365474","1",E18000002,E08000010,"0400047",E05015001,E43000164,E65000001,WN7 4EY,WN7  4EY,WN7 4EY,E14001329,E23000005,E12000002,A1,UN1,E38000205,E30000284,"0",E33006108
"1753544",E630,E35000888,E56000032,E99999999,E92000001,"202011",,E54000057,"3190",E08000010,53.4965705871582,E37000015,,-2.51853489875793,E01006333,E01006333,E02001316,E02001316,E40000010,E00032094,E00032094,7A2,E99999999,"365698","1",E18000002,E08000010,"0400109",E05015001,E43000164,E65000001,WN7 4FT,WN7  4FT,WN7 4FT,E14001329,E23000005,E12000002,A1,UN1,E38000205,E30000284,"0",E33002929
"1753601",E630,E35000888,E56000032,E99999999,E92000001,"198001",,E54000057,"3190",E08000010,53.4961471557617,E37000015,,-2.51703691482544,E01006333,E01006333,E02001316,E02001316,E40000010,E00032094,E00032094,7A2,E99999999,"365797","1",E18000002,E08000010,"0400061",E05015001,E43000164,E65000001,WN7 4LA,WN7  4LA,WN7 4LA,E14001329,E23000005,E12000002,A1,UN1,E38000205,E30000284,"0",E33002933
"1753602",E630,E35000888,E56000032,E99999999,E92000001,"198001",,E54000057,"3190",E08000010,53.4960098266602,E37000015,,-2.51797008514404,E01006333,E01006333,E02001316,E02001316,E40000010,E00032094,E00032094,7A2,E99999999,"365735","1",E18000002,E08000010,"0400046",E05015001,E43000164,E65000001,WN7 4LB,WN7  4LB,WN7 4LB,E14001329,E23000005,E12000002,A1,UN1,E38000205,E30000284,"0",E33002933
"1753603",E630,E35000888,E56000032,E99999999,E92000001,"200012",,E54000057,"3190",E08000010,53.4938697814941,E37000015,,-2.51969289779663,E01006333,E01006333,E02001316,E02001316,E40000010,E00032094,E00032094,7A2,E99999999,"365619","1",E18000002,E08000010,"0399809",E05015001,E43000164,E65000001,WN7 4LE,WN7  4LE,WN7 4LE,E14001329,E23000005,E12000002,A1,UN1,E38000205,E30000284,"0",E33002934
"1753604",E630,E35000888,E56000032,E99999999,E92000001,"198001",,E54000057,"3190",E08000010,53.4946975708008,E37000015,,-2.51745700836182,E01006333,E01006333,E02001316,E02001316,E40000010,E00032094,E00032094,7A2,E99999999,"365768","1",E18000002,E08000010,"0399900",E05015001,E43000164,E65000001,WN7 4LF,WN7  4LF,WN7 4LF,E14001329,E23000005,E12000002,A1,UN1,E38000205,E30000284,"0",E33002934
"1753605",E630,E35000888,E56000032,E99999999,E92000001,"199501",,E54000057,"2537",E08000010,53.4960289001465,E37000015,,-2.51962900161743,E01006328,E01006328,E02001316,E02001316,E40000010,E00032052,E00032052,7A2,E99999999,"365625","1",E18000002,E08000010,"0400049",E05015001,E43000164,E65000001,WN7 4LG,WN7  4LG,WN7 4LG,E14001329,E23000005,E12000002,A1,UN1,E38000205,E30000284,"0",E33006112
"1753606",E630,E35000888,E56000032,E99999999,E92000001,"198001",,E54000057,"3190",E08000010,53.4945259094238,E37000015,,-2.51973104476929,E01006333,E01006333,E02001316,E02001316,E40000010,E00032094,E00032094,7A2,E99999999,"365617","1",E18000002,E08000010,"0399882",E05015001,E43000164,E65000001,WN7 4LJ,WN7  4LJ,WN7 4LJ,E14001329,E23000005,E12000002,A1,UN1,E38000205,E30000284,"0",E33002934
"1753607",E630,E35000888,E56000032,E99999999,E92000001,"198001",,E54000057,"3190",E08000010,53.4942283630371,E37000015,,-2.519455909729,E01006333,E01006333,E02001316,E02001316,E40000010,E00032094,E00032094,7A2,E99999999,"365635","1",E18000002,E08000010,"0399849",E05015001,E43000164,E65000001,WN7 4LL,WN7  4LL,WN7 4LL,E14001329,E23000005,E12000002,A1,UN1,E38000205,E30000284,"0",E33002934
"1753608",E630,E35000888,E56000032,E99999999,E92000001,"198001",,E54000057,"3190",E08000010,53.4961738586426,E37000015,,-2.51907300949097,E01006333,E01006333,E02001316,E02001316,E40000010,E00032094,E00032094,7A2,E99999999,"365662","1",E18000002,E08000010,"0400065",E05015001,E43000164,E65000001,WN7 4LP,WN7  4LP,WN7 4LP,E14001329,E23000005,E12000002,A1,UN1,E38000205,E30000284,"0",E33002933
"1753609",E630,E35000888,E56000032,E99999999,E92000001,"198001",,E54000057,"3190",E08000010,53.4943771362305,E37000015,,-2.51912593841553,E01006333,E01006333,E02001316,E02001316,E40000010,E00032094,E00032094,7A2,E99999999,"365657","1",E18000002,E08000010,"0399865",E05015001,E43000164,E65000001,WN7 4LQ,WN7  4LQ,WN7 4LQ,E14001329,E23000005,E12000002,A1,UN1,E38000205,E30000284,"0",E33002934
"1753610",E630,E35000888,E56000032,E99999999,E92000001,"198001",,E54000057,"2537",E08000010,53.4956741333008,E37000015,,-2.51985001564026,E01006328,E01006328,E02001316,E02001316,E40000010,E00032048,E00032048,4B1,E99999999,"365610","1",E18000002,E08000010,"0400010",E05015001,E43000164,E65000001,WN7 4LR,WN7  4LR,WN7 4LR,E14001329,E23000005,E12000002,A1,UN1,E38000205,E30000284,"0",E33006108
"1753611",E630,E35000888,E56000032,E99999999,E92000001,"198001",,E54000057,"3190",E08000010,53.4962577819824,E37000015,,-2.51833510398865,E01006333,E01006333,E02001316,E02001316,E40000010,E00032094,E00032094,7A2,E99999999,"365711","1",E18000002,E08000010,"0400074",E05015001,E43000164,E65000001,WN7 4LX,WN7  4LX,WN7 4LX,E14001329,E23000005,E12000002,A1,UN1,E38000205,E30000284,"0",E33002933
"1753612",E630,E35000888,E56000032,E99999999,E92000001,"200205",,E54000057,"3190",E08000010,53.4958724975586,E37000015,,-2.51629495620728,E01006333,E01006333,E02001316,E02001316,E40000010,E00032094,E00032094,7A2,E99999999,"365846","1",E18000002,E08000010,"0400030",E05015001,E43000164,E65000001,WN7 4LZ,WN7  4LZ,WN7 4LZ,E14001329,E23000005,E12000002,A1,UN1,E38000205,E30000284,"0",E33002933
"1753613",E630,E35000888,E56000032,E99999999,E92000001,"198001",,E54000057,"3190",E08000010,53.4965133666992,E37000015,,-2.51716208457947,E01006333,E01006333,E02001316,E02001316,E40000010,E00032094,E00032094,7A2,E99999999,"365789","1",E18000002,E08000010,"0400102",E05015001,E43000164,E65000001,WN7 4NB,WN7  4NB,WN7 4NB,E14001329,E23000005,E12000002,A1,UN1,E38000205,E30000284,"0",E33002931
"1753614",E630,E35000888,E56000032,E99999999,E92000001,"198001",,E54000057,"3190",E08000010,53.4961585998535,E37000015,,-2.51409792900085,E01006333,E01006333,E02001316,E02001316,E40000010,E00032094,E00032094,7A2,E99999999,"365992","1",E18000002,E08000010,"0400061",E05015001,E43000164,E65000001,WN7 4ND,WN7  4ND,WN7 4ND,E14001329,E23000005,E12000002,A1,UN1,E38000205,E30000284,"0",E33002932
"1753615",E630,E35000888,E56000032,E99999999,E92000001,"198001",,E54000057,"3190",E08000010,53.4962882995605,E37000015,,-2.51551699638367,E01006333,E01006333,E02001316,E02001316,E40000010,E00032094,E00032094,7A2,E99999999,"365898","1",E18000002,E08000010,"0400076",E05015001,E43000164,E65000001,WN7 4NE,WN7  4NE,WN7 4NE,E14001329,E23000005,E12000002,A1,UN1,E38000205,E30000284,"1",E33002931
"1753617",E630,E35000888,E56000032,E99999999,E92000001,"198001",,E54000057,"3190",E08000010,53.4959526062012,E37000015,,-2.5144419670105,E01006333,E01006333,E02001316,E02001316,E40000010,E00032094,E00032094,7A2,E99999999,"365969","1",E18000002,E08000010,"0400038",E05015001,E43000164,E65000001,WN7 4NP,WN7  4NP,WN7 4NP,E14001329,E23000005,E12000002,A1,UN1,E38000205,E30000284,"0",E33002932
"1753618",E630,E35000888,E56000032,E99999999,E92000001,"198001",,E54000057,"3190",E08000010,53.4959144592285,E37000015,,-2.51249694824219,E01006333,E01006333,E02001316,E02001316,E40000010,E00032094,E00032094,7A2,E99999999,"366098","1",E18000002,E08000010,"0400033",E05015001,E43000164,E65000001,WN7 4NQ,WN7  4NQ,WN7 4NQ,E14001329,E23000005,E12000002,A1,UN1,E38000205,E30000284,"0",E33002932
"1753619",E630,E35000888,E56000032,E99999999,E92000001,"198001",,E54000057,"3190",E08000010,53.4958229064941,E37000015,,-2.5152850151062,E01006333,E01006333,E02001316,E02001316,E40000010,E00032094,E00032094,7A2,E99999999,"365913","1",E18000002,E08000010,"0400024",E05015001,E43000164,E65000001,WN7 4PD,WN7  4PD,WN7 4PD,E14001329,E23000005,E12000002,A1,UN1,E38000205,E30000284,"0",E33002933
"1753621",E630,E35000888,E56000032,E99999999,E92000001,"199301",,E54000057,"3190",E08000010,53.4955291748047,E37000015,,-2.51660799980164,E01006333,E01006333,E02001316,E02001316,E40000010,E00032094,E00032094,7A2,E99999999,"365825","1",E18000002,E08000010,"0399992",E05015001,E43000164,E65000001,WN7 4PG,WN7  4PG,WN7 4PG,E14001329,E23000005,E12000002,A1,UN1,E38000205,E30000284,"0",E33002933
"1753908",E630,E35000888,E56000032,E99999999,E92000001,"198001",,E54000057,"6233",E08000010,53.5052299499512,E37000015,,-2.52240991592407,E01006338,E01006338,E02001316,E02001316,E40000010,E00032114,E00032114,"8D3",E99999999,"365448","1",E18000002,E08000010,"0401074",E05015003,E43000164,E65000001,WN7 5QH,WN7  5QH,WN7 5QH,E14001329,E23000005,E12000002,A1,UN1,E38000205,E30000284,"0",E33006110
"1753912",E630,E35000888,E56000032,E99999999,E92000001,"198001",,E54000057,"6233",E08000010,53.5063667297363,E37000015,,-2.52338910102844,E01006338,E01006338,E02001316,E02001316,E40000010,E00032114,E00032114,"8D3",E99999999,"365384","1",E18000002,E08000010,"0401201",E05015003,E43000164,E65000001,WN7 5QP,WN7  5QP,WN7 5QP,E14001329,E23000005,E12000002,A1,UN1,E38000205,E30000284,"0",E33006110
"1753913",E630,E35000888,E56000032,E99999999,E92000001,"198001",,E54000057,"6233",E08000010,53.5046310424805,E37000015,,-2.52312588691711,E01006338,E01006338,E02001316,E02001316,E40000010,E00032114,E00032114,"8D3",E99999999,"365400","1",E18000002,E08000010,"0401008",E05015003,E43000164,E65000001,WN7 5QQ,WN7  5QQ,WN7 5QQ,E14001329,E23000005,E12000002,A1,UN1,E38000205,E30000284,"0",E33006110
"1753918",E630,E35000888,E56000032,E99999999,E92000001,"198001",,E54000057,"6233",E08000010,53.5065879821777,E37000015,,-2.52405500411987,E01006338,E01006338,E02001316,E02001316,E40000010,E00032114,E00032114,"8D3",E99999999,"365340","1",E18000002,E08000010,"0401226",E05015003,E43000164,E65000001,WN7 5QW,WN7  5QW,WN7 5QW,E14001329,E23000005,E12000002,A1,UN1,E38000205,E30000284,"0",E33006110
"1753941",E630,E35000888,E56000032,E99999999,E92000001,"199501",,E54000057,"1408",E08000010,53.5038604736328,E37000015,,-2.5250461101532,E01006334,E01006334,E02001316,E02001316,E40000010,E00032083,E00032083,8B1,E99999999,"365272","1",E18000002,E08000010,"0400923",E05015003,E43000164,E65000001,WN7 5RZ,WN7  5RZ,WN7 5RZ,E14001329,E23000005,E12000002,A1,UN1,E38000205,E30000284,"0",E33006114
"1753942",E630,E35000888,E56000032,E99999999,E92000001,"198001",,E54000057,"6233",E08000010,53.5051612854004,E37000015,,-2.52340388298035,E01006338,E01006338,E02001316,E02001316,E40000010,E00032114,E00032114,"8D3",E99999999,"365382","1",E18000002,E08000010,"0401067",E05015003,E43000164,E65000001,WN7 5SA,WN7  5SA,WN7 5SA,E14001329,E23000005,E12000002,A1,UN1,E38000205,E30000284,"0",E33006110
"1753943",E630,E35000888,E56000032,E99999999,E92000001,"198001",,E54000057,"1408",E08000010,53.505443572998,E37000015,,-2.52503609657288,E01006334,E01006334,E02001316,E02001316,E40000010,E00032083,E00032083,8B1,E99999999,"365274","1",E18000002,E08000010,"0401099",E05015003,E43000164,E65000001,WN7 5SB,WN7  5SB,WN7 5SB,E14001329,E23000005,E12000002,A1,UN1,E38000205,E30000284,"0",E33006114
"1753944",E630,E35000888,E56000032,E99999999,E92000001,"198001",,E54000057,"1408",E08000010,53.5045623779297,E37000015,,-2.52508497238159,E01006334,E01006334,E02001316,E02001316,E40000010,E00032083,E00032083,8B1,E99999999,"365270","1",E18000002,E08000010,"0401001",E05015003,E43000164,E65000001,WN7 5SE,WN7  5SE,WN7 5SE,E14001329,E23000005,E12000002,A1,UN1,E38000205,E30000284,"0",E33006114
"1753946",E630,E35000888,E56000032,E99999999,E92000001,"198410",,E54000057,"1408",E08000010,53.5047492980957,E37000015,,-2.52688193321228,E01006334,E01006334,E02001316,E02001316,E40000010,E00032083,E00032083,8B1,E99999999,"365151","1",E18000002,E08000010,"0401023",E05015003,E43000164,E65000001,WN7 5SH,WN7  5SH,WN7 5SH,E14001329,E23000005,E12000002,A1,UN1,E38000205,E30000284,"0",E33006114
"1753952",E630,E35000888,E56000032,E99999999,E92000001,"198001",,E54000057,"6233",E08000010,53.5070533752441,E37000015,,-2.52210092544556,E01006338,E01006338,E02001316,E02001316,E40000010,E00032114,E00032114,"8D3",E99999999,"365470","1",E18000002,E08000010,"0401277",E05015003,E43000164,E65000001,WN7 5SR,WN7  5SR,WN7 5SR,E14001329,E23000005,E12000002,A1,UN1,E38000205,E30000284,"0",E33006110
"1753956",E630,E35000888,E56000032,E99999999,E92000001,"198001",,E54000057,"6233",E08000010,53.5066795349121,E37000015,,-2.52119088172913,E01006338,E01006338,E02001316,E02001316,E40000010,E00032114,E00032114,"8D3",E99999999,"365530","1",E18000002,E08000010,"0401235",E05015003,E43000164,E65000001,WN7 5SW,WN7  5SW,WN7 5SW,E14001329,E23000005,E12000002,A1,UN1,E38000205,E30000284,"0",E33006110
