OBJECTID,BUA11,BUASD11,CALNCV,CED,CTRY,DOINTR,DOTERM,ICB,IMD,ITL,LAT,LEP1,LEP2,LONG,LSOA11,LSOA21,MSOA11,MSOA21,NHSER,OA11,OA21,OAC11,OSCTY,OSEAST1M,OSGRDIND,OSHLTHAU,OSLAUA,OSNRTH1M,OSWARD,PARISH,PARK,PCD,PCD2,PCDS,PCON,PFA,RGN,RU11IND,RUC21IND,SICBL,TTWA,USERTYPE,WZ11
"1486773",E630,E35001237,E56000016,E99999999,E92000001,"201807",,E54000042,"16691",E06000045,50.8966484069824,E37000055,,-1.36783599853516,E01017273,E01017273,E02003579,E02003579,E40000005,E00087257,E00087257,5B2,E99999999,"444554","1",E18000009,E06000045,"0110988",E05015499,E43000036,E65000001,SO192AH,SO19 2AH,SO19 2AH,E14001499,E23000030,E12000008,C1,UN1,E38000253,E30000267,"0",E33041060
"1486774",E630,E35001237,E56000016,E99999999,E92000001,"201709",,E54000042,"16691",E06000045,50.8964653015137,E37000055,,-1.36714196205139,E01017273,E01017273,E02003579,E02003579,E40000005,E00087257,E00087257,5B2,E99999999,"444603","1",E18000009,E06000045,"0110968",E05015499,E43000036,E65000001,SO192AN,SO19 2AN,SO19 2AN,E14001499,E23000030,E12000008,C1,UN1,E38000253,E30000267,"0",E33041060
"1486852",E630,E35001237,E56000016,E99999999,E92000001,"199412",,E54000042,"12097",E06000045,50.8973350524902,E37000055,,-1.36801195144653,E01017275,E01017275,E02003579,E02003579,E40000005,E00087253,E00087253,5A2,E99999999,"444541","1",E18000009,E06000045,"0111064",E05015499,E43000036,E65000001,SO192JA,SO19 2JA,SO19 2JA,E14001499,E23000030,E12000008,C1,UN1,E38000253,E30000267,"0",E33041061
"1486853",E630,E35001237,E56000016,E99999999,E92000001,"199412",,E54000042,"5447",E06000045,50.8983039855957,E37000055,,-1.37118399143219,E01017276,E01017276,E02003579,E02003579,E40000005,E00087252,E00087252,7A3,E99999999,"444317","1",E18000009,E06000045,"0111170",E05015499,E43000036,E65000001,SO192JB,SO19 2JB,SO19 2JB,E14001499,E23000030,E12000008,C1,UN1,E38000253,E30000267,"0",E33041059
"1486854",E630,E35001237,E56000016,E99999999,E92000001,"199412",,E54000042,"5447",E06000045,50.8976058959961,E37000055,,-1.36979997158051,E01017276,E01017276,E02003579,E02003579,E40000005,E00087252,E00087252,7A3,E99999999,"444415","1",E18000009,E06000045,"0111093",E05015499,E43000036,E65000001,SO192JD,SO19 2JD,SO19 2JD,E14001499,E23000030,E12000008,C1,UN1,E38000253,E30000267,"0",E33041059
"1486855",E630,E35001237,E56000016,E99999999,E92000001,"199412",,E54000042,"5447",E06000045,50.8981246948242,E37000055,,-1.37266504764557,E01017276,E01017276,E02003579,E02003579,E40000005,E00087252,E00087252,7A3,E99999999,"444213","1",E18000009,E06000045,"0111149",E05015499,E43000036,E65000001,SO192JE,SO19 2JE,SO19 2JE,E14001499,E23000030,E12000008,C1,UN1,E38000253,E30000267,"0",E33041059
"1487321",E630,E35001237,E56000016,E99999999,E92000001,"199412",,E54000042,"5447",E06000045,50.8976135253906,E37000055,,-1.37473404407501,E01017276,E01017276,E02003579,E02003579,E40000005,E00087236,E00087236,5A3,E99999999,"444068","1",E18000009,E06000045,"0111091",E05015506,E43000036,E65000001,SO197PE,SO19 7PE,SO19 7PE,E14001499,E23000030,E12000008,C1,UN1,E38000253,E30000267,"0",E33041059
"1487527",E630,E35001237,E56000016,E99999999,E92000001,"199412",,E54000042,"5447",E06000045,50.8979644775391,E37000055,,-1.37981998920441,E01017276,E01017276,E02003579,E02003579,E40000005,E00087254,E00190573,4A2,E99999999,"443710","1",E18000009,E06000045,"0111127",E05015506,E43000036,E65000001,SO199AA,SO19 9AA,SO19 9AA,E14001499,E23000030,E12000008,C1,UN1,E38000253,E30000267,"0",E33041062
"1487528",E630,E35001237,E56000016,E99999999,E92000001,"199412",,E54000042,"5447",E06000045,50.8978691101074,E37000055,,-1.37852704524994,E01017276,E01017276,E02003579,E02003579,E40000005,E00087254,E00190573,4A2,E99999999,"443801","1",E18000009,E06000045,"0111117",E05015506,E43000036,E65000001,SO199AB,SO19 9AB,SO19 9AB,E14001499,E23000030,E12000008,C1,UN1,E38000253,E30000267,"0",E33041062
"1487529",E630,E35001237,E56000016,E99999999,E92000001,"199412",,E54000042,"5447",E06000045,50.8978271484375,E37000055,,-1.37740397453308,E01017276,E01017276,E02003579,E02003579,E40000005,E00087254,E00190573,4A2,E99999999,"443880","1",E18000009,E06000045,"0111113",E05015506,E43000036,E65000001,SO199AD,SO19 9AD,SO19 9AD,E14001499,E23000030,E12000008,C1,UN1,E38000253,E30000267,"0",E33041062
"1487530",E630,E35001237,E56000016,E99999999,E92000001,"199412",,E54000042,"5447",E06000045,50.8975448608398,E37000055,,-1.37673997879028,E01017276,E01017276,E02003579,E02003579,E40000005,E00087252,E00087252,7A3,E99999999,"443927","1",E18000009,E06000045,"0111082",E05015506,E43000036,E65000001,SO199AE,SO19 9AE,SO19 9AE,E14001499,E23000030,E12000008,C1,UN1,E38000253,E30000267,"0",E33041059
"1487531",E630,E35001237,E56000016,E99999999,E92000001,"199412",,E54000042,"5447",E06000045,50.8974456787109,E37000055,,-1.3738260269165,E01017276,E01017276,E02003579,E02003579,E40000005,E00087252,E00087252,7A3,E99999999,"444132","1",E18000009,E06000045,"0111073",E05015506,E43000036,E65000001,SO199AF,SO19 9AF,SO19 9AF,E14001499,E23000030,E12000008,C1,UN1,E38000253,E30000267,"0",E33041059
"1487532",E630,E35001237,E56000016,E99999999,E92000001,"199412",,E54000042,"16691",E06000045,50.8970260620117,E37000055,,-1.37418699264526,E01017273,E01017273,E02003579,E02003579,E40000005,E00087255,E00087255,5B3,E99999999,"444107","1",E18000009,E06000045,"0111026",E05015506,E43000036,E65000001,SO199AG,SO19 9AG,SO19 9AG,E14001499,E23000030,E12000008,C1,UN1,E38000253,E30000267,"0",E33041059
"1487533",E630,E35001237,E56000016,E99999999,E92000001,"199412",,E54000042,"16691",E06000045,50.8959808349609,E37000055,,-1.37383103370667,E01017273,E01017273,E02003579,E02003579,E40000005,E00087255,E00087255,5B3,E99999999,"444133","1",E18000009,E06000045,"0110910",E05015506,E43000036,E65000001,SO199AH,SO19 9AH,SO19 9AH,E14001499,E23000030,E12000008,C1,UN1,E38000253,E30000267,"0",E33041059
"1487534",E630,E35001237,E56000016,E99999999,E92000001,"199412",,E54000042,"16691",E06000045,50.896068572998,E37000055,,-1.37348902225494,E01017273,E01017273,E02003579,E02003579,E40000005,E00087255,E00087255,5B3,E99999999,"444157","1",E18000009,E06000045,"0110920",E05015506,E43000036,E65000001,SO199AJ,SO19 9AJ,SO19 9AJ,E14001499,E23000030,E12000008,C1,UN1,E38000253,E30000267,"0",E33041059
"1487535",E630,E35001237,E56000016,E99999999,E92000001,"199412",,E54000042,"16691",E06000045,50.8972816467285,E37000055,,-1.37283301353455,E01017273,E01017273,E02003579,E02003579,E40000005,E00087255,E00087255,5B3,E99999999,"444202","1",E18000009,E06000045,"0111055",E05015506,E43000036,E65000001,SO199AL,SO19 9AL,SO19 9AL,E14001499,E23000030,E12000008,C1,UN1,E38000253,E30000267,"0",E33041059
"1487536",E630,E35001237,E56000016,E99999999,E92000001,"199412",,E54000042,"16691",E06000045,50.896297454834,E37000055,,-1.36947596073151,E01017273,E01017273,E02003579,E02003579,E40000005,E00087256,E00087256,5B1,E99999999,"444439","1",E18000009,E06000045,"0110948",E05015506,E43000036,E65000001,SO199AN,SO19 9AN,SO19 9AN,E14001499,E23000030,E12000008,C1,UN1,E38000253,E30000267,"0",E33041060
"1487537",E630,E35001237,E56000016,E99999999,E92000001,"199412",,E54000042,"12097",E06000045,50.8957633972168,E37000055,,-1.36540198326111,E01017275,E01017275,E02003579,E02003579,E40000005,E00087253,E00087253,5A2,E99999999,"444726","1",E18000009,E06000045,"0110891",E05015506,E43000036,E65000001,SO199AP,SO19 9AP,SO19 9AP,E14001499,E23000030,E12000008,C1,UN1,E38000253,E30000267,"0",E33041061
"1487538",E630,E35001237,E56000016,E99999999,E92000001,"199412",,E54000042,"12097",E06000045,50.8954734802246,E37000055,,-1.36310303211212,E01017275,E01017275,E02003579,E02003579,E40000005,E00087259,E00087259,5B2,E99999999,"444888","1",E18000009,E06000045,"0110860",E05015506,E43000036,E65000001,SO199AQ,SO19 9AQ,SO19 9AQ,E14001499,E23000030,E12000008,C1,UN1,E38000253,E30000267,"0",E33041061
"1487545",E630,E35001237,E56000016,E99999999,E92000001,"199412",,E54000042,"5447",E06000045,50.8965148925781,E37000055,,-1.3775360584259,E01017276,E01017276,E02003579,E02003579,E40000005,E00087236,E00087236,5A3,E99999999,"443872","1",E18000009,E06000045,"0110967",E05015506,E43000036,E65000001,SO199AY,SO19 9AY,SO19 9AY,E14001499,E23000030,E12000008,C1,UN1,E38000253,E30000267,"0",E33041059
"1487546",E630,E35001237,E56000016,E99999999,E92000001,"200501",,E54000042,"5447",E06000045,50.8948745727539,E37000055,,-1.37870895862579,E01017276,E01017276,E02003579,E02003579,E40000005,E00087261,E00087261,5A2,E99999999,"443791","1",E18000009,E06000045,"0110784",E05015506,E43000036,E65000001,SO199AZ,SO19 9AZ,SO19 9AZ,E14001499,E23000030,E12000008,C1,UN1,E38000253,E30000267,"0",E33041058
"1487549",E630,E35001237,E56000016,E99999999,E92000001,"199412",,E54000042,"5447",E06000045,50.897819519043,E37000055,,-1.37278294563293,E01017276,E01017276,E02003579,E02003579,E40000005,E00087252,E00087252,7A3,E99999999,"444205","1",E18000009,E06000045,"0111115",E05015499,E43000036,E65000001,SO199BD,SO19 9BD,SO19 9BD,E14001499,E23000030,E12000008,C1,UN1,E38000253,E30000267,"0",E33041059
"1487550",E630,E35001237,E56000016,E99999999,E92000001,"199412",,E54000042,"16691",E06000045,50.8969841003418,E37000055,,-1.36983597278595,E01017273,E01017273,E02003579,E02003579,E40000005,E00087257,E00087257,5B2,E99999999,"444413","1",E18000009,E06000045,"0111024",E05015499,E43000036,E65000001,SO199BE,SO19 9BE,SO19 9BE,E14001499,E23000030,E12000008,C1,UN1,E38000253,E30000267,"0",E33041060
"1487551",E630,E35001237,E56000016,E99999999,E92000001,"199412",,E54000042,"12097",E06000045,50.8960380554199,E37000055,,-1.36430394649506,E01017275,E01017275,E02003579,E02003579,E40000005,E00087253,E00087253,5A2,E99999999,"444803","1",E18000009,E06000045,"0110922",E05015499,E43000036,E65000001,SO199BG,SO19 9BG,SO19 9BG,E14001499,E23000030,E12000008,C1,UN1,E38000253,E30000267,"0",E33041061
"1487554",E630,E35001237,E56000016,E99999999,E92000001,"199412",,E54000042,"5447",E06000045,50.8958969116211,E37000055,,-1.37846803665161,E01017276,E01017276,E02003579,E02003579,E40000005,E00087258,E00087258,7A1,E99999999,"443807","1",E18000009,E06000045,"0110898",E05015506,E43000036,E65000001,SO199BL,SO19 9BL,SO19 9BL,E14001499,E23000030,E12000008,C1,UN1,E38000253,E30000267,"0",E33041062
"1487555",E630,E35001237,E56000016,E99999999,E92000001,"199412",,E54000042,"5447",E06000045,50.8952140808105,E37000055,,-1.37677097320557,E01017276,E01017276,E02003579,E02003579,E40000005,E00087258,E00087258,7A1,E99999999,"443927","1",E18000009,E06000045,"0110823",E05015506,E43000036,E65000001,SO199BN,SO19 9BN,SO19 9BN,E14001499,E23000030,E12000008,C1,UN1,E38000253,E30000267,"0",E33041062
"1487556",E630,E35001237,E56000016,E99999999,E92000001,"199412",,E54000042,"5447",E06000045,50.8951225280762,E37000055,,-1.37779605388641,E01017276,E01017276,E02003579,E02003579,E40000005,E00087261,E00087261,5A2,E99999999,"443855","1",E18000009,E06000045,"0110812",E05015506,E43000036,E65000001,SO199BP,SO19 9BP,SO19 9BP,E14001499,E23000030,E12000008,C1,UN1,E38000253,E30000267,"0",E33041058
"1487557",E630,E35001237,E56000016,E99999999,E92000001,"199412",,E54000042,"5447",E06000045,50.8963775634766,E37000055,,-1.37595903873444,E01017276,E01017276,E02003579,E02003579,E40000005,E00087236,E00087236,5A3,E99999999,"443983","1",E18000009,E06000045,"0110953",E05015506,E43000036,E65000001,SO199BQ,SO19 9BQ,SO19 9BQ,E14001499,E23000030,E12000008,C1,UN1,E38000253,E30000267,"0",E33041059
"1487558",E630,E35001237,E56000016,E99999999,E92000001,"199412",,E54000042,"5447",E06000045,50.8967247009277,E37000055,,-1.3752429485321,E01017276,E01017276,E02003579,E02003579,E40000005,E00087236,E00087236,5A3,E99999999,"444033","1",E18000009,E06000045,"0110992",E05015506,E43000036,E65000001,SO199BR,SO19 9BR,SO19 9BR,E14001499,E23000030,E12000008,C1,UN1,E38000253,E30000267,"0",E33041059
"1487559",E630,E35001237,E56000016,E99999999,E92000001,"199412",,E54000042,"5447",E06000045,50.8962516784668,E37000055,,-1.37748205661774,E01017276,E01017276,E02003579,E02003579,E40000005,E00087236,E00087236,5A3,E99999999,"443876","1",E18000009,E06000045,"0110938",E05015506,E43000036,E65000001,SO199BS,SO19 9BS,SO19 9BS,E14001499,E23000030,E12000008,C1,UN1,E38000253,E30000267,"0",E33041059
"1487560",E630,E35001237,E56000016,E99999999,E92000001,"199412",,E54000042,"5447",E06000045,50.8965225219727,E37000055,,-1.37739300727844,E01017276,E01017276,E02003579,E02003579,E40000005,E00087236,E00087236,5A3,E99999999,"443882","1",E18000009,E06000045,"0110968",E05015506,E43000036,E65000001,SO199BT,SO19 9BT,SO19 9BT,E14001499,E23000030,E12000008,C1,UN1,E38000253,E30000267,"0",E33041059
"1487561",E630,E35001237,E56000016,E99999999,E92000001,"199412",,E54000042,"5447",E06000045,50.8968353271484,E37000055,,-1.37856900691986,E01017276,E01017276,E02003579,E02003579,E40000005,E00087258,E00087258,7A1,E99999999,"443799","1",E18000009,E06000045,"0111002",E05015506,E43000036,E65000001,SO199BU,SO19 9BU,SO19 9BU,E14001499,E23000030,E12000008,C1,UN1,E38000253,E30000267,"0",E33041062
"1487562",E630,E35001237,E56000016,E99999999,E92000001,"199412",,E54000042,"5447",E06000045,50.8969879150391,E37000055,,-1.3788800239563,E01017276,E01017276,E02003579,E02003579,E40000005,E00087254,E00190573,4A2,E99999999,"443777","1",E18000009,E06000045,"0111019",E05015506,E43000036,E65000001,SO199BW,SO19 9BW,SO19 9BW,E14001499,E23000030,E12000008,C1,UN1,E38000253,E30000267,"0",E33041062
"1487564",E630,E35001237,E56000016,E99999999,E92000001,"199412",,E54000042,"5447",E06000045,50.8971099853516,E37000055,,-1.3761910200119,E01017276,E01017276,E02003579,E02003579,E40000005,E00087236,E00087236,5A3,E99999999,"443966","1",E18000009,E06000045,"0111034",E05015506,E43000036,E65000001,SO199BZ,SO19 9BZ,SO19 9BZ,E14001499,E23000030,E12000008,C1,UN1,E38000253,E30000267,"0",E33041059
"1487565",E630,E35001237,E56000016,E99999999,E92000001,"199412",,E54000042,"5447",E06000045,50.8968658447266,E37000055,,-1.37620902061462,E01017276,E01017276,E02003579,E02003579,E40000005,E00087236,E00087236,5A3,E99999999,"443965","1",E18000009,E06000045,"0111007",E05015506,E43000036,E65000001,SO199DA,SO19 9DA,SO19 9DA,E14001499,E23000030,E12000008,C1,UN1,E38000253,E30000267,"0",E33041059
"1487566",E630,E35001237,E56000016,E99999999,E92000001,"199412",,E54000042,"16691",E06000045,50.8958892822266,E37000055,,-1.3748140335083,E01017273,E01017273,E02003579,E02003579,E40000005,E00087255,E00087255,5B3,E99999999,"444064","1",E18000009,E06000045,"0110899",E05015506,E43000036,E65000001,SO199DB,SO19 9DB,SO19 9DB,E14001499,E23000030,E12000008,C1,UN1,E38000253,E30000267,"0",E33041059
"1487567",E630,E35001237,E56000016,E99999999,E92000001,"199412",,E54000042,"16691",E06000045,50.8950500488281,E37000055,,-1.37469696998596,E01017273,E01017273,E02003579,E02003579,E40000005,E00087264,E00087264,5B1,E99999999,"444073","1",E18000009,E06000045,"0110806",E05015506,E43000036,E65000001,SO199DD,SO19 9DD,SO19 9DD,E14001499,E23000030,E12000008,C1,UN1,E38000253,E30000267,"0",E33041060
"1487568",E630,E35001237,E56000016,E99999999,E92000001,"199412",,E54000042,"16691",E06000045,50.8945541381836,E37000055,,-1.37416303157806,E01017273,E01017273,E02003579,E02003579,E40000005,E00087264,E00087264,5B1,E99999999,"444111","1",E18000009,E06000045,"0110751",E05015506,E43000036,E65000001,SO199DE,SO19 9DE,SO19 9DE,E14001499,E23000030,E12000008,C1,UN1,E38000253,E30000267,"0",E33041060
"1487569",E630,E35001237,E56000016,E99999999,E92000001,"199412",,E54000042,"16691",E06000045,50.8957481384277,E37000055,,-1.3727400302887,E01017273,E01017273,E02003579,E02003579,E40000005,E00087255,E00087255,5B3,E99999999,"444210","1",E18000009,E06000045,"0110885",E05015506,E43000036,E65000001,SO199DF,SO19 9DF,SO19 9DF,E14001499,E23000030,E12000008,C1,UN1,E38000253,E30000267,"0",E33041059
"1487570",E630,E35001237,E56000016,E99999999,E92000001,"199412",,E54000042,"16691",E06000045,50.8961563110352,E37000055,,-1.37286198139191,E01017273,E01017273,E02003579,E02003579,E40000005,E00087255,E00087255,5B3,E99999999,"444201","1",E18000009,E06000045,"0110930",E05015506,E43000036,E65000001,SO199DG,SO19 9DG,SO19 9DG,E14001499,E23000030,E12000008,C1,UN1,E38000253,E30000267,"0",E33041059
"1487571",E630,E35001237,E56000016,E99999999,E92000001,"199412",,E54000042,"16691",E06000045,50.8959121704102,E37000055,,-1.3714439868927,E01017273,E01017273,E02003579,E02003579,E40000005,E00087257,E00087257,5B2,E99999999,"444301","1",E18000009,E06000045,"0110904",E05015506,E43000036,E65000001,SO199DH,SO19 9DH,SO19 9DH,E14001499,E23000030,E12000008,C1,UN1,E38000253,E30000267,"0",E33041060
"1487572",E630,E35001237,E56000016,E99999999,E92000001,"199412",,E54000042,"16691",E06000045,50.8953094482422,E37000055,,-1.37236201763153,E01017273,E01017273,E02003579,E02003579,E40000005,E00087257,E00087257,5B2,E99999999,"444237","1",E18000009,E06000045,"0110836",E05015506,E43000036,E65000001,SO199DJ,SO19 9DJ,SO19 9DJ,E14001499,E23000030,E12000008,C1,UN1,E38000253,E30000267,"0",E33041060
"1487573",E630,E35001237,E56000016,E99999999,E92000001,"199412",,E54000042,"16691",E06000045,50.8954200744629,E37000055,,-1.37136495113373,E01017273,E01017273,E02003579,E02003579,E40000005,E00087257,E00087257,5B2,E99999999,"444307","1",E18000009,E06000045,"0110849",E05015506,E43000036,E65000001,SO199DL,SO19 9DL,SO19 9DL,E14001499,E23000030,E12000008,C1,UN1,E38000253,E30000267,"0",E33041060
"1487574",E630,E35001237,E56000016,E99999999,E92000001,"199412",,E54000042,"16691",E06000045,50.8942031860352,E37000055,,-1.37118196487427,E01017273,E01017273,E02003579,E02003579,E40000005,E00087263,E00087263,5B3,E99999999,"444321","1",E18000009,E06000045,"0110714",E05015506,E43000036,E65000001,SO199DN,SO19 9DN,SO19 9DN,E14001499,E23000030,E12000008,C1,UN1,E38000253,E30000267,"0",E33041060
"1487575",E630,E35001237,E56000016,E99999999,E92000001,"199412",,E54000042,"16691",E06000045,50.8939170837402,E37000055,,-1.3712569475174,E01017273,E01017273,E02003579,E02003579,E40000005,E00087263,E00087263,5B3,E99999999,"444316","1",E18000009,E06000045,"0110682",E05015506,E43000036,E65000001,SO199DP,SO19 9DP,SO19 9DP,E14001499,E23000030,E12000008,C1,UN1,E38000253,E30000267,"0",E33041060
"1487576",E630,E35001237,E56000016,E99999999,E92000001,"199412",,E54000042,"16691",E06000045,50.895263671875,E37000055,,-1.37096905708313,E01017273,E01017273,E02003579,E02003579,E40000005,E00087257,E00087257,5B2,E99999999,"444335","1",E18000009,E06000045,"0110832",E05015506,E43000036,E65000001,SO199DQ,SO19 9DQ,SO19 9DQ,E14001499,E23000030,E12000008,C1,UN1,E38000253,E30000267,"0",E33041060
"1487577",E630,E35001237,E56000016,E99999999,E92000001,"199412",,E54000042,"16691",E06000045,50.8951110839844,E37000055,,-1.37064397335052,E01017273,E01017273,E02003579,E02003579,E40000005,E00087256,E00087256,5B1,E99999999,"444358","1",E18000009,E06000045,"0110815",E05015506,E43000036,E65000001,SO199DR,SO19 9DR,SO19 9DR,E14001499,E23000030,E12000008,C1,UN1,E38000253,E30000267,"0",E33041060
"1487580",E630,E35001237,E56000016,E99999999,E92000001,"199412",,E54000042,"10185",E06000045,50.8913803100586,E37000055,,-1.37958002090454,E01017278,E01035447,E02003579,E02003579,E40000005,E00087270,E00087270,5A1,E99999999,"443733","1",E18000009,E06000045,"0110395",E05015506,E43000036,E65000001,SO199DU,SO19 9DU,SO19 9DU,E14001499,E23000030,E12000008,C1,UN1,E38000253,E30000267,"0",E33041058
"1487581",E630,E35001237,E56000016,E99999999,E92000001,"199412",,E54000042,"5447",E06000045,50.8973960876465,E37000055,,-1.38090801239014,E01017276,E01017276,E02003579,E02003579,E40000005,E00087254,E00190573,4A2,E99999999,"443634","1",E18000009,E06000045,"0111063",E05015499,E43000036,E65000001,SO199DW,SO19 9DW,SO19 9DW,E14001499,E23000030,E12000008,C1,UN1,E38000253,E30000267,"0",E33041062
"1487582",E630,E35001237,E56000016,E99999999,E92000001,"199412",,E54000042,"5447",E06000045,50.8973083496094,E37000055,,-1.37988603115082,E01017276,E01017276,E02003579,E02003579,E40000005,E00087254,E00190573,4A2,E99999999,"443706","1",E18000009,E06000045,"0111054",E05015506,E43000036,E65000001,SO199DX,SO19 9DX,SO19 9DX,E14001499,E23000030,E12000008,C1,UN1,E38000253,E30000267,"0",E33041062
"1487583",E630,E35001237,E56000016,E99999999,E92000001,"199412",,E54000042,"5447",E06000045,50.8969497680664,E37000055,,-1.37966299057007,E01017276,E01017276,E02003579,E02003579,E40000005,E00087254,E00190573,4A2,E99999999,"443722","1",E18000009,E06000045,"0111014",E05015506,E43000036,E65000001,SO199DY,SO19 9DY,SO19 9DY,E14001499,E23000030,E12000008,C1,UN1,E38000253,E30000267,"0",E33041062
"1487584",E630,E35001237,E56000016,E99999999,E92000001,"199412",,E54000042,"5447",E06000045,50.894458770752,E37000055,,-1.38009405136108,E01017276,E01017276,E02003579,E02003579,E40000005,E00087258,E00087258,7A1,E99999999,"443694","1",E18000009,E06000045,"0110737",E05015506,E43000036,E65000001,SO199DZ,SO19 9DZ,SO19 9DZ,E14001499,E23000030,E12000008,C1,UN1,E38000253,E30000267,"0",E33041062
"1487585",E630,E35001237,E56000016,E99999999,E92000001,"199412",,E54000042,"5447",E06000045,50.8947257995605,E37000055,,-1.37949299812317,E01017276,E01017276,E02003579,E02003579,E40000005,E00087261,E00087261,5A2,E99999999,"443736","1",E18000009,E06000045,"0110767",E05015506,E43000036,E65000001,SO199EA,SO19 9EA,SO19 9EA,E14001499,E23000030,E12000008,C1,UN1,E38000253,E30000267,"0",E33041058
"1487586",E630,E35001237,E56000016,E99999999,E92000001,"199412",,E54000042,"5447",E06000045,50.8940238952637,E37000055,,-1.37941694259644,E01017276,E01017276,E02003579,E02003579,E40000005,E00087261,E00087261,5A2,E99999999,"443742","1",E18000009,E06000045,"0110689",E05015506,E43000036,E65000001,SO199EB,SO19 9EB,SO19 9EB,E14001499,E23000030,E12000008,C1,UN1,E38000253,E30000267,"0",E33041058
"1487587",E630,E35001237,E56000016,E99999999,E92000001,"199412",,E54000042,"5447",E06000045,50.8939094543457,E37000055,,-1.37849497795105,E01017276,E01017276,E02003579,E02003579,E40000005,E00087261,E00087261,5A2,E99999999,"443807","1",E18000009,E06000045,"0110677",E05015506,E43000036,E65000001,SO199ED,SO19 9ED,SO19 9ED,E14001499,E23000030,E12000008,C1,UN1,E38000253,E30000267,"0",E33041058
"1487588",E630,E35001237,E56000016,E99999999,E92000001,"199412",,E54000042,"10185",E06000045,50.8936538696289,E37000055,,-1.37930798530579,E01017278,E01035447,E02003579,E02003579,E40000005,E00087268,E00087268,5A3,E99999999,"443750","1",E18000009,E06000045,"0110648",E05015506,E43000036,E65000001,SO199EE,SO19 9EE,SO19 9EE,E14001499,E23000030,E12000008,C1,UN1,E38000253,E30000267,"0",E33041058
"1487589",E630,E35001237,E56000016,E99999999,E92000001,"199412",,E54000042,"10185",E06000045,50.893440246582,E37000055,,-1.38131594657898,E01017278,E01035447,E02003579,E02003579,E40000005,E00087267,E00186090,5A3,E99999999,"443609","1",E18000009,E06000045,"0110623",E05015506,E43000036,E65000001,SO199EF,SO19 9EF,SO19 9EF,E14001499,E23000030,E12000008,C1,UN1,E38000253,E30000267,"0",E33041062
"1487590",E630,E35001237,E56000016,E99999999,E92000001,"199412",,E54000042,"10185",E06000045,50.8923568725586,E37000055,,-1.38175702095032,E01017278,E01035447,E02003579,E02003579,E40000005,E00087266,E00087266,5A3,E99999999,"443579","1",E18000009,E06000045,"0110502",E05015506,E43000036,E65000001,SO199EG,SO19 9EG,SO19 9EG,E14001499,E23000030,E12000008,C1,UN1,E38000253,E30000267,"0",E33041058
"1487591",E630,E35001237,E56000016,E99999999,E92000001,"199412",,E54000042,"10185",E06000045,50.8924942016602,E37000055,,-1.3806459903717,E01017278,E01035447,E02003579,E02003579,E40000005,E00087268,E00087268,5A3,E99999999,"443657","1",E18000009,E06000045,"0110518",E05015506,E43000036,E65000001,SO199EH,SO19 9EH,SO19 9EH,E14001499,E23000030,E12000008,C1,UN1,E38000253,E30000267,"0",E33041058
"1487592",E630,E35001237,E56000016,E99999999,E92000001,"199412",,E54000042,"10185",E06000045,50.8925743103027,E37000055,,-1.38104295730591,E01017278,E01035447,E02003579,E02003579,E40000005,E00087266,E00087266,5A3,E99999999,"443629","1",E18000009,E06000045,"0110527",E05015506,E43000036,E65000001,SO199EJ,SO19 9EJ,SO19 9EJ,E14001499,E23000030,E12000008,C1,UN1,E38000253,E30000267,"0",E33041058
"1487593",E630,E35001237,E56000016,E99999999,E92000001,"199412",,E54000042,"10185",E06000045,50.8932495117188,E37000055,,-1.37902903556824,E01017278,E01035447,E02003579,E02003579,E40000005,E00087268,E00087268,5A3,E99999999,"443770","1",E18000009,E06000045,"0110603",E05015506,E43000036,E65000001,SO199EL,SO19 9EL,SO19 9EL,E14001499,E23000030,E12000008,C1,UN1,E38000253,E30000267,"0",E33041058
"1487594",E630,E35001237,E56000016,E99999999,E92000001,"199412",,E54000042,"16283",E06000045,50.892578125,E37000055,,-1.37630796432495,E01017279,E01017279,E02003579,E02003579,E40000005,E00087265,E00087265,5B2,E99999999,"443962","1",E18000009,E06000045,"0110530",E05015506,E43000036,E65000001,SO199EN,SO19 9EN,SO19 9EN,E14001499,E23000030,E12000008,C1,UN1,E38000253,E30000267,"0",E33041060
"1487595",E630,E35001237,E56000016,E99999999,E92000001,"199412",,E54000042,"10185",E06000045,50.8924827575684,E37000055,,-1.37695002555847,E01017278,E01035447,E02003579,E02003579,E40000005,E00087270,E00087270,5A1,E99999999,"443917","1",E18000009,E06000045,"0110519",E05015506,E43000036,E65000001,SO199EP,SO19 9EP,SO19 9EP,E14001499,E23000030,E12000008,C1,UN1,E38000253,E30000267,"0",E33041058
"1487596",E630,E35001237,E56000016,E99999999,E92000001,"199412",,E54000042,"16283",E06000045,50.8913078308105,E37000055,,-1.37561500072479,E01017279,E01017279,E02003579,E02003579,E40000005,E00087238,E00087238,5B2,E99999999,"444012","1",E18000009,E06000045,"0110389",E05015506,E43000036,E65000001,SO199EQ,SO19 9EQ,SO19 9EQ,E14001499,E23000030,E12000008,C1,UN1,E38000253,E30000267,"0",E33041060
"1487597",E630,E35001237,E56000016,E99999999,E92000001,"199412",,E54000042,"16283",E06000045,50.8926887512207,E37000055,,-1.3735339641571,E01017279,E01017279,E02003579,E02003579,E40000005,E00087265,E00087265,5B2,E99999999,"444157","1",E18000009,E06000045,"0110544",E05015506,E43000036,E65000001,SO199ER,SO19 9ER,SO19 9ER,E14001499,E23000030,E12000008,C1,UN1,E38000253,E30000267,"0",E33041060
"1487598",E630,E35001237,E56000016,E99999999,E92000001,"199412",,E54000042,"16283",E06000045,50.8929901123047,E37000055,,-1.37114202976227,E01017279,E01017279,E02003579,E02003579,E40000005,E00087238,E00087238,5B2,E99999999,"444325","1",E18000009,E06000045,"0110579",E05015506,E43000036,E65000001,SO199ES,SO19 9ES,SO19 9ES,E14001499,E23000030,E12000008,C1,UN1,E38000253,E30000267,"0",E33041060
"1487599",E630,E35001237,E56000016,E99999999,E92000001,"199412",,E54000042,"16283",E06000045,50.8925590515137,E37000055,,-1.37099099159241,E01017279,E01017279,E02003579,E02003579,E40000005,E00087238,E00087238,5B2,E99999999,"444336","1",E18000009,E06000045,"0110531",E05015506,E43000036,E65000001,SO199ET,SO19 9ET,SO19 9ET,E14001499,E23000030,E12000008,C1,UN1,E38000253,E30000267,"0",E33041060
"1487600",E630,E35001237,E56000016,E99999999,E92000001,"199412",,E54000042,"12097",E06000045,50.8925743103027,E37000055,,-1.36895799636841,E01017275,E01017275,E02003579,E02003579,E40000005,E00087269,E00087269,5B3,E99999999,"444479","1",E18000009,E06000045,"0110534",E05015506,E43000036,E65000001,SO199EU,SO19 9EU,SO19 9EU,E14001499,E23000030,E12000008,C1,UN1,E38000253,E30000267,"0",E33041061
"1487601",E630,E35001237,E56000016,E99999999,E92000001,"199412",,E54000042,"12097",E06000045,50.8930549621582,E37000055,,-1.36816895008087,E01017275,E01017275,E02003579,E02003579,E40000005,E00087269,E00087269,5B3,E99999999,"444534","1",E18000009,E06000045,"0110588",E05015506,E43000036,E65000001,SO199EW,SO19 9EW,SO19 9EW,E14001499,E23000030,E12000008,C1,UN1,E38000253,E30000267,"0",E33041061
"1487602",E630,E35001237,E56000016,E99999999,E92000001,"199412",,E54000042,"12097",E06000045,50.8937187194824,E37000055,,-1.36756300926208,E01017275,E01017275,E02003579,E02003579,E40000005,E00087237,E00087237,5B1,E99999999,"444576","1",E18000009,E06000045,"0110662",E05015506,E43000036,E65000001,SO199EX,SO19 9EX,SO19 9EX,E14001499,E23000030,E12000008,C1,UN1,E38000253,E30000267,"0",E33041060
"1487603",E630,E35001237,E56000016,E99999999,E92000001,"199412",,E54000042,"12097",E06000045,50.894344329834,E37000055,,-1.36567795276642,E01017275,E01017275,E02003579,E02003579,E40000005,E00087262,E00087262,6B4,E99999999,"444708","1",E18000009,E06000045,"0110733",E05015506,E43000036,E65000001,SO199EY,SO19 9EY,SO19 9EY,E14001499,E23000030,E12000008,C1,UN1,E38000253,E30000267,"0",E33041061
"1487604",E630,E35001237,E56000016,E99999999,E92000001,"199412",,E54000042,"12097",E06000045,50.8943519592285,E37000055,,-1.36502301692963,E01017275,E01017275,E02003579,E02003579,E40000005,E00087259,E00087259,5B2,E99999999,"444754","1",E18000009,E06000045,"0110734",E05015506,E43000036,E65000001,SO199EZ,SO19 9EZ,SO19 9EZ,E14001499,E23000030,E12000008,C1,UN1,E38000253,E30000267,"0",E33041061
"1487605",E630,E35001237,E56000016,E99999999,E92000001,"199412",,E54000042,"12097",E06000045,50.8948593139648,E37000055,,-1.36574196815491,E01017275,E01017275,E02003579,E02003579,E40000005,E00087262,E00087262,6B4,E99999999,"444703","1",E18000009,E06000045,"0110790",E05015506,E43000036,E65000001,SO199FB,SO19 9FB,SO19 9FB,E14001499,E23000030,E12000008,C1,UN1,E38000253,E30000267,"0",E33041061
"1487606",E630,E35001237,E56000016,E99999999,E92000001,"199412",,E54000042,"12097",E06000045,50.8951034545898,E37000055,,-1.36588096618652,E01017275,E01017275,E02003579,E02003579,E40000005,E00087262,E00087262,6B4,E99999999,"444693","1",E18000009,E06000045,"0110817",E05015506,E43000036,E65000001,SO199FD,SO19 9FD,SO19 9FD,E14001499,E23000030,E12000008,C1,UN1,E38000253,E30000267,"0",E33041061
"1487607",E630,E35001237,E56000016,E99999999,E92000001,"199412",,E54000042,"12097",E06000045,50.8943176269531,E37000055,,-1.36717104911804,E01017275,E01017275,E02003579,E02003579,E40000005,E00087262,E00087262,6B4,E99999999,"444603","1",E18000009,E06000045,"0110729",E05015506,E43000036,E65000001,SO199FE,SO19 9FE,SO19 9FE,E14001499,E23000030,E12000008,C1,UN1,E38000253,E30000267,"0",E33041061
"1487608",E630,E35001237,E56000016,E99999999,E92000001,"199412",,E54000042,"12097",E06000045,50.8940811157227,E37000055,,-1.36868095397949,E01017275,E01017275,E02003579,E02003579,E40000005,E00087237,E00087237,5B1,E99999999,"444497","1",E18000009,E06000045,"0110702",E05015506,E43000036,E65000001,SO199FF,SO19 9FF,SO19 9FF,E14001499,E23000030,E12000008,C1,UN1,E38000253,E30000267,"0",E33041060
"1487609",E630,E35001237,E56000016,E99999999,E92000001,"199412",,E54000042,"12097",E06000045,50.8933639526367,E37000055,,-1.36871898174286,E01017275,E01017275,E02003579,E02003579,E40000005,E00087237,E00087237,5B1,E99999999,"444495","1",E18000009,E06000045,"0110622",E05015506,E43000036,E65000001,SO199FG,SO19 9FG,SO19 9FG,E14001499,E23000030,E12000008,C1,UN1,E38000253,E30000267,"0",E33041060
"1487610",E630,E35001237,E56000016,E99999999,E92000001,"199412",,E54000042,"12097",E06000045,50.8943824768066,E37000055,,-1.36917495727539,E01017275,E01017275,E02003579,E02003579,E40000005,E00087237,E00087237,5B1,E99999999,"444462","1",E18000009,E06000045,"0110735",E05015506,E43000036,E65000001,SO199FH,SO19 9FH,SO19 9FH,E14001499,E23000030,E12000008,C1,UN1,E38000253,E30000267,"0",E33041060
"1487611",E630,E35001237,E56000016,E99999999,E92000001,"199412",,E54000042,"16691",E06000045,50.8949317932129,E37000055,,-1.36958003044128,E01017273,E01017273,E02003579,E02003579,E40000005,E00087256,E00087256,5B1,E99999999,"444433","1",E18000009,E06000045,"0110796",E05015506,E43000036,E65000001,SO199FJ,SO19 9FJ,SO19 9FJ,E14001499,E23000030,E12000008,C1,UN1,E38000253,E30000267,"0",E33041060
"1487612",E630,E35001237,E56000016,E99999999,E92000001,"199412",,E54000042,"10185",E06000045,50.8913803100586,E37000055,,-1.38122999668121,E01017278,E01035447,E02003579,E02003579,E40000005,E00087266,E00087266,5A3,E99999999,"443617","1",E18000009,E06000045,"0110394",E05015506,E43000036,E65000001,SO199FL,SO19 9FL,SO19 9FL,E14001499,E23000030,E12000008,C1,UN1,E38000253,E30000267,"0",E33041058
"1487613",E630,E35001237,E56000016,E99999999,E92000001,"199412",,E54000042,"10185",E06000045,50.8914413452148,E37000055,,-1.37886905670166,E01017278,E01035447,E02003579,E02003579,E40000005,E00087275,E00087275,5A1,E99999999,"443783","1",E18000009,E06000045,"0110402",E05015506,E43000036,E65000001,SO199FN,SO19 9FN,SO19 9FN,E14001499,E23000030,E12000008,C1,UN1,E38000253,E30000267,"0",E33041058
"1487614",E630,E35001237,E56000016,E99999999,E92000001,"199412",,E54000042,"10185",E06000045,50.8918495178223,E37000055,,-1.37822294235229,E01017278,E01035447,E02003579,E02003579,E40000005,E00087270,E00087270,5A1,E99999999,"443828","1",E18000009,E06000045,"0110448",E05015506,E43000036,E65000001,SO199FP,SO19 9FP,SO19 9FP,E14001499,E23000030,E12000008,C1,UN1,E38000253,E30000267,"0",E33041058
"1487615",E630,E35001237,E56000016,E99999999,E92000001,"199412",,E54000042,"10185",E06000045,50.8913078308105,E37000055,,-1.377406001091,E01017278,E01035447,E02003579,E02003579,E40000005,E00087275,E00087275,5A1,E99999999,"443886","1",E18000009,E06000045,"0110388",E05015506,E43000036,E65000001,SO199FQ,SO19 9FQ,SO19 9FQ,E14001499,E23000030,E12000008,C1,UN1,E38000253,E30000267,"0",E33041058
"1487616",E630,E35001237,E56000016,E99999999,E92000001,"199412",,E54000042,"10185",E06000045,50.8922538757324,E37000055,,-1.37990999221802,E01017278,E01035447,E02003579,E02003579,E40000005,E00087268,E00087268,5A3,E99999999,"443709","1",E18000009,E06000045,"0110492",E05015506,E43000036,E65000001,SO199FR,SO19 9FR,SO19 9FR,E14001499,E23000030,E12000008,C1,UN1,E38000253,E30000267,"0",E33041058
"1487617",E630,E35001237,E56000016,E99999999,E92000001,"199412",,E54000042,"10185",E06000045,50.8921890258789,E37000055,,-1.37929904460907,E01017278,E01035447,E02003579,E02003579,E40000005,E00087270,E00087270,5A1,E99999999,"443752","1",E18000009,E06000045,"0110485",E05015506,E43000036,E65000001,SO199FS,SO19 9FS,SO19 9FS,E14001499,E23000030,E12000008,C1,UN1,E38000253,E30000267,"0",E33041058
"1487618",E630,E35001237,E56000016,E99999999,E92000001,"199412",,E54000042,"16691",E06000045,50.8935737609863,E37000055,,-1.37750399112701,E01017273,E01017273,E02003579,E02003579,E40000005,E00087264,E00087264,5B1,E99999999,"443877","1",E18000009,E06000045,"0110640",E05015506,E43000036,E65000001,SO199FT,SO19 9FT,SO19 9FT,E14001499,E23000030,E12000008,C1,UN1,E38000253,E30000267,"0",E33041060
"1487619",E630,E35001237,E56000016,E99999999,E92000001,"199412",,E54000042,"5447",E06000045,50.8943901062012,E37000055,,-1.37749302387238,E01017276,E01017276,E02003579,E02003579,E40000005,E00087261,E00087261,5A2,E99999999,"443877","1",E18000009,E06000045,"0110731",E05015506,E43000036,E65000001,SO199FU,SO19 9FU,SO19 9FU,E14001499,E23000030,E12000008,C1,UN1,E38000253,E30000267,"0",E33041058
"1487620",E630,E35001237,E56000016,E99999999,E92000001,"199412",,E54000042,"5447",E06000045,50.8942070007324,E37000055,,-1.37829196453094,E01017276,E01017276,E02003579,E02003579,E40000005,E00087261,E00087261,5A2,E99999999,"443821","1",E18000009,E06000045,"0110710",E05015506,E43000036,E65000001,SO199FW,SO19 9FW,SO19 9FW,E14001499,E23000030,E12000008,C1,UN1,E38000253,E30000267,"0",E33041058
"1487621",E630,E35001237,E56000016,E99999999,E92000001,"199412",,E54000042,"5447",E06000045,50.8946228027344,E37000055,,-1.37699198722839,E01017276,E01017276,E02003579,E02003579,E40000005,E00087261,E00087261,5A2,E99999999,"443912","1",E18000009,E06000045,"0110757",E05015506,E43000036,E65000001,SO199FX,SO19 9FX,SO19 9FX,E14001499,E23000030,E12000008,C1,UN1,E38000253,E30000267,"0",E33041058
"1487622",E630,E35001237,E56000016,E99999999,E92000001,"199412",,E54000042,"16691",E06000045,50.8941802978516,E37000055,,-1.37664294242859,E01017273,E01017273,E02003579,E02003579,E40000005,E00087264,E00087264,5B1,E99999999,"443937","1",E18000009,E06000045,"0110708",E05015506,E43000036,E65000001,SO199FY,SO19 9FY,SO19 9FY,E14001499,E23000030,E12000008,C1,UN1,E38000253,E30000267,"0",E33041060
"1487623",E630,E35001237,E56000016,E99999999,E92000001,"199412",,E54000042,"16691",E06000045,50.8941116333008,E37000055,,-1.37594699859619,E01017273,E01017273,E02003579,E02003579,E40000005,E00087264,E00087264,5B1,E99999999,"443986","1",E18000009,E06000045,"0110701",E05015506,E43000036,E65000001,SO199FZ,SO19 9FZ,SO19 9FZ,E14001499,E23000030,E12000008,C1,UN1,E38000253,E30000267,"0",E33041060
"1487624",E630,E35001237,E56000016,E99999999,E92000001,"199412",,E54000042,"16691",E06000045,50.8935203552246,E37000055,,-1.37595498561859,E01017273,E01017273,E02003579,E02003579,E40000005,E00087264,E00087264,5B1,E99999999,"443986","1",E18000009,E06000045,"0110635",E05015506,E43000036,E65000001,SO199GA,SO19 9GA,SO19 9GA,E14001499,E23000030,E12000008,C1,UN1,E38000253,E30000267,"0",E33041060
"1487625",E630,E35001237,E56000016,E99999999,E92000001,"199412",,E54000042,"16691",E06000045,50.8940238952637,E37000055,,-1.37405705451965,E01017273,E01017273,E02003579,E02003579,E40000005,E00087263,E00087263,5B3,E99999999,"444119","1",E18000009,E06000045,"0110692",E05015506,E43000036,E65000001,SO199GB,SO19 9GB,SO19 9GB,E14001499,E23000030,E12000008,C1,UN1,E38000253,E30000267,"0",E33041060
"1487626",E630,E35001237,E56000016,E99999999,E92000001,"199412",,E54000042,"16283",E06000045,50.8932876586914,E37000055,,-1.3748060464859,E01017279,E01017279,E02003579,E02003579,E40000005,E00087265,E00087265,5B2,E99999999,"444067","1",E18000009,E06000045,"0110610",E05015506,E43000036,E65000001,SO199GD,SO19 9GD,SO19 9GD,E14001499,E23000030,E12000008,C1,UN1,E38000253,E30000267,"0",E33041060
"1487627",E630,E35001237,E56000016,E99999999,E92000001,"199412",,E54000042,"16283",E06000045,50.8930549621582,E37000055,,-1.37459599971771,E01017279,E01017279,E02003579,E02003579,E40000005,E00087265,E00087265,5B2,E99999999,"444082","1",E18000009,E06000045,"0110584",E05015506,E43000036,E65000001,SO199GE,SO19 9GE,SO19 9GE,E14001499,E23000030,E12000008,C1,UN1,E38000253,E30000267,"0",E33041060
"1487628",E630,E35001237,E56000016,E99999999,E92000001,"199412",,E54000042,"16691",E06000045,50.8935470581055,E37000055,,-1.37255597114563,E01017273,E01017273,E02003579,E02003579,E40000005,E00087263,E00087263,5B3,E99999999,"444225","1",E18000009,E06000045,"0110640",E05015506,E43000036,E65000001,SO199GF,SO19 9GF,SO19 9GF,E14001499,E23000030,E12000008,C1,UN1,E38000253,E30000267,"0",E33041060
"1487629",E630,E35001237,E56000016,E99999999,E92000001,"199412",,E54000042,"16283",E06000045,50.888256072998,E37000055,,-1.37200200557709,E01017279,E01017279,E02003579,E02003579,E40000005,E00087274,E00087274,5A3,E99999999,"444269","1",E18000009,E06000045,"0110052",E05015506,E43000036,E65000001,SO199GG,SO19 9GG,SO19 9GG,E14001499,E23000030,E12000008,C1,UN1,E38000253,E30000267,"0",E33041058
"1487630",E630,E35001237,E56000016,E99999999,E92000001,"199412",,E54000042,"16283",E06000045,50.8882141113281,E37000055,,-1.37069404125214,E01017279,E01017279,E02003579,E02003579,E40000005,E00087274,E00087274,5A3,E99999999,"444361","1",E18000009,E06000045,"0110048",E05015506,E43000036,E65000001,SO199GH,SO19 9GH,SO19 9GH,E14001499,E23000030,E12000008,C1,UN1,E38000253,E30000267,"0",E33041058
"1487633",E630,E35001237,E56000016,E99999999,E92000001,"199412",,E54000042,"16283",E06000045,50.8886909484863,E37000055,,-1.37074494361877,E01017279,E01017279,E02003579,E02003579,E40000005,E00087274,E00087274,5A3,E99999999,"444357","1",E18000009,E06000045,"0110101",E05015506,E43000036,E65000001,SO199GN,SO19 9GN,SO19 9GN,E14001499,E23000030,E12000008,C1,UN1,E38000253,E30000267,"0",E33041058
"1487635",E630,E35001237,E56000016,E99999999,E92000001,"199412",,E54000042,"12097",E06000045,50.8895149230957,E37000055,,-1.36884295940399,E01017275,E01017275,E02003579,E02003579,E40000005,E00087273,E00087273,"8D2",E99999999,"444490","1",E18000009,E06000045,"0110194",E05015506,E43000036,E65000001,SO199GQ,SO19 9GQ,SO19 9GQ,E14001499,E23000030,E12000008,C1,UN1,E38000253,E30000267,"0",E33041061
"1487636",E630,E35001237,E56000016,E99999999,E92000001,"199412",,E54000042,"12097",E06000045,50.8907012939453,E37000055,,-1.36842799186707,E01017275,E01017275,E02003579,E02003579,E40000005,E00087273,E00087273,"8D2",E99999999,"444518","1",E18000009,E06000045,"0110326",E05015506,E43000036,E65000001,SO199GS,SO19 9GS,SO19 9GS,E14001499,E23000030,E12000008,C1,UN1,E38000253,E30000267,"0",E33041061
"1487637",E630,E35001237,E56000016,E99999999,E92000001,"199412",,E54000042,"12097",E06000045,50.8900947570801,E37000055,,-1.36971604824066,E01017275,E01017275,E02003579,E02003579,E40000005,E00087273,E00087273,"8D2",E99999999,"444428","1",E18000009,E06000045,"0110258",E05015506,E43000036,E65000001,SO199GT,SO19 9GT,SO19 9GT,E14001499,E23000030,E12000008,C1,UN1,E38000253,E30000267,"0",E33041061
"1487638",E630,E35001237,E56000016,E99999999,E92000001,"199412",,E54000042,"12097",E06000045,50.8907203674316,E37000055,,-1.36750400066376,E01017275,E01017275,E02003579,E02003579,E40000005,E00087269,E00087269,5B3,E99999999,"444583","1",E18000009,E06000045,"0110329",E05015506,E43000036,E65000001,SO199GU,SO19 9GU,SO19 9GU,E14001499,E23000030,E12000008,C1,UN1,E38000253,E30000267,"0",E33041061
"1487640",E630,E35001237,E56000016,E99999999,E92000001,"199501",,E54000042,"16691",E06000045,50.8968124389648,E37000055,,-1.37133204936981,E01017273,E01017273,E02003579,E02003579,E40000005,E00087257,E00087257,5B2,E99999999,"444308","1",E18000009,E06000045,"0111004",E05015506,E43000036,E65000001,SO199GY,SO19 9GY,SO19 9GY,E14001499,E23000030,E12000008,C1,UN1,E38000253,E30000267,"0",E33041060
"1487641",E630,E35001237,E56000016,E99999999,E92000001,"199412",,E54000042,"12097",E06000045,50.8944091796875,E37000055,,-1.35941994190216,E01017275,E01017275,E02003579,E02003579,E40000005,E00087259,E00087259,5B2,E99999999,"445148","1",E18000009,E06000045,"0110744",E05015506,E43000036,E65000001,SO199GZ,SO19 9GZ,SO19 9GZ,E14001499,E23000030,E12000008,C1,UN1,E38000253,E30000267,"0",E33041061
"1487642",E630,E35001237,E56000016,E99999999,E92000001,"199412",,E54000042,"5447",E06000045,50.8975372314453,E37000055,,-1.37574398517609,E01017276,E01017276,E02003579,E02003579,E40000005,E00087252,E00087252,7A3,E99999999,"443997","1",E18000009,E06000045,"0111082",E05015506,E43000036,E65000001,SO199HA,SO19 9HA,SO19 9HA,E14001499,E23000030,E12000008,C1,UN1,E38000253,E30000267,"0",E33041059
"1487643",E630,E35001237,E56000016,E99999999,E92000001,"199412",,E54000042,"16283",E06000045,50.8899078369141,E37000055,,-1.37182295322418,E01017279,E01017279,E02003579,E02003579,E40000005,E00087238,E00087238,5B2,E99999999,"444280","1",E18000009,E06000045,"0110236",E05015506,E43000036,E65000001,SO199HB,SO19 9HB,SO19 9HB,E14001499,E23000030,E12000008,C1,UN1,E38000253,E30000267,"0",E33041060
"1487644",E630,E35001237,E56000016,E99999999,E92000001,"199412",,E54000042,"16283",E06000045,50.8894081115723,E37000055,,-1.37096202373505,E01017279,E01017279,E02003579,E02003579,E40000005,E00087274,E00087274,5A3,E99999999,"444341","1",E18000009,E06000045,"0110181",E05015506,E43000036,E65000001,SO199HD,SO19 9HD,SO19 9HD,E14001499,E23000030,E12000008,C1,UN1,E38000253,E30000267,"0",E33041058
"1487649",E630,E35001237,E56000016,E99999999,E92000001,"199412",,E54000042,"12097",E06000045,50.8929214477539,E37000055,,-1.3599100112915,E01017275,E01017275,E02003579,E02003579,E40000005,E00087259,E00087259,5B2,E99999999,"445115","1",E18000009,E06000045,"0110578",E05015506,E43000036,E65000001,SO199HL,SO19 9HL,SO19 9HL,E14001499,E23000030,E12000008,C1,UN1,E38000253,E30000267,"0",E33041061
"1487650",E630,E35001237,E56000016,E99999999,E92000001,"199412",,E54000042,"12097",E06000045,50.8947563171387,E37000055,,-1.36048197746277,E01017275,E01017275,E02003579,E02003579,E40000005,E00087259,E00087259,5B2,E99999999,"445073","1",E18000009,E06000045,"0110782",E05015506,E43000036,E65000001,SO199HP,SO19 9HP,SO19 9HP,E14001499,E23000030,E12000008,C1,UN1,E38000253,E30000267,"0",E33041061
"1487662",E630,E35001237,E56000016,E99999999,E92000001,"199412",,E54000042,"16283",E06000045,50.890510559082,E37000055,,-1.37141704559326,E01017279,E01017279,E02003579,E02003579,E40000005,E00087238,E00087238,5B2,E99999999,"444308","1",E18000009,E06000045,"0110303",E05015506,E43000036,E65000001,SO199JD,SO19 9JD,SO19 9JD,E14001499,E23000030,E12000008,C1,UN1,E38000253,E30000267,"0",E33041060
"1487721",E630,E35001237,E56000016,E99999999,E92000001,"199507",,E54000042,"16283",E06000045,50.8892974853516,E37000055,,-1.37372195720673,E01017279,E01017279,E02003579,E02003579,E40000005,E00087276,E00087276,8C1,E99999999,"444147","1",E18000009,E06000045,"0110167",E05015506,E43000036,E65000001,SO199PE,SO19 9PE,SO19 9PE,E14001499,E23000030,E12000008,C1,UN1,E38000253,E30000267,"0",E33041058
"1487723",E630,E35001237,E56000016,E99999999,E92000001,"199412",,E54000042,"5447",E06000045,50.8976821899414,E37000055,,-1.38069105148315,E01017276,E01017276,E02003579,E02003579,E40000005,E00087254,E00190573,4A2,E99999999,"443649","1",E18000009,E06000045,"0111095",E05015499,E43000036,E65000001,SO199PG,SO19 9PG,SO19 9PG,E14001499,E23000030,E12000008,C1,UN1,E38000253,E30000267,"0",E33041062
"1487724",E630,E35001237,E56000016,E99999999,E92000001,"199412",,E54000042,"16283",E06000045,50.8926391601562,E37000055,,-1.37445902824402,E01017279,E01017279,E02003579,E02003579,E40000005,E00087265,E00087265,5B2,E99999999,"444092","1",E18000009,E06000045,"0110538",E05015506,E43000036,E65000001,SO199PH,SO19 9PH,SO19 9PH,E14001499,E23000030,E12000008,C1,UN1,E38000253,E30000267,"0",E33041060
"1487725",E630,E35001237,E56000016,E99999999,E92000001,"199412",,E54000042,"10185",E06000045,50.8932418823242,E37000055,,-1.3775509595871,E01017278,E01035447,E02003579,E02003579,E40000005,E00087268,E00087268,5A3,E99999999,"443874","1",E18000009,E06000045,"0110603",E05015506,E43000036,E65000001,SO199PJ,SO19 9PJ,SO19 9PJ,E14001499,E23000030,E12000008,C1,UN1,E38000253,E30000267,"0",E33041058
"1487726",E630,E35001237,E56000016,E99999999,E92000001,"199412",,E54000042,"12097",E06000045,50.8949356079102,E37000055,,-1.36814403533936,E01017275,E01017275,E02003579,E02003579,E40000005,E00087237,E00087237,5B1,E99999999,"444534","1",E18000009,E06000045,"0110797",E05015506,E43000036,E65000001,SO199PL,SO19 9PL,SO19 9PL,E14001499,E23000030,E12000008,C1,UN1,E38000253,E30000267,"0",E33041060
"1487727",E630,E35001237,E56000016,E99999999,E92000001,"199412",,E54000042,"12097",E06000045,50.8896141052246,E37000055,,-1.36865603923798,E01017275,E01017275,E02003579,E02003579,E40000005,E00087273,E00087273,"8D2",E99999999,"444503","1",E18000009,E06000045,"0110205",E05015506,E43000036,E65000001,SO199PN,SO19 9PN,SO19 9PN,E14001499,E23000030,E12000008,C1,UN1,E38000253,E30000267,"0",E33041061
"1487729",E630,E35001237,E56000016,E99999999,E92000001,"199412",,E54000042,"12097",E06000045,50.8901405334473,E37000055,,-1.36662995815277,E01017275,E01017275,E02003579,E02003579,E40000005,E00087269,E00087269,5B3,E99999999,"444645","1",E18000009,E06000045,"0110265",E05015506,E43000036,E65000001,SO199PR,SO19 9PR,SO19 9PR,E14001499,E23000030,E12000008,C1,UN1,E38000253,E30000267,"0",E33041061
"1487732",E630,E35001237,E56000016,E99999999,E92000001,"199412",,E54000042,"12097",E06000045,50.8949851989746,E37000055,,-1.36093401908875,E01017275,E01017275,E02003579,E02003579,E40000005,E00087259,E00087259,5B2,E99999999,"445041","1",E18000009,E06000045,"0110807",E05015506,E43000036,E65000001,SO199PU,SO19 9PU,SO19 9PU,E14001499,E23000030,E12000008,C1,UN1,E38000253,E30000267,"0",E33041061
"1487734",E630,E35001237,E56000016,E99999999,E92000001,"199412",,E54000042,"16691",E06000045,50.8958168029785,E37000055,,-1.36823105812073,E01017273,E01017273,E02003579,E02003579,E40000005,E00087256,E00087256,5B1,E99999999,"444527","1",E18000009,E06000045,"0110895",E05015506,E43000036,E65000001,SO199PX,SO19 9PX,SO19 9PX,E14001499,E23000030,E12000008,C1,UN1,E38000253,E30000267,"0",E33041060
"1487739",E630,E35001237,E56000016,E99999999,E92000001,"199412",,E54000042,"12097",E06000045,50.8943290710449,E37000055,,-1.36449801921844,E01017275,E01017275,E02003579,E02003579,E40000005,E00087259,E00087259,5B2,E99999999,"444791","1",E18000009,E06000045,"0110732",E05015506,E43000036,E65000001,SO199QD,SO19 9QD,SO19 9QD,E14001499,E23000030,E12000008,C1,UN1,E38000253,E30000267,"0",E33041061
"1487741",E630,E35001237,E56000016,E99999999,E92000001,"199412",,E54000042,"16691",E06000045,50.8939361572266,E37000055,,-1.37495398521423,E01017273,E01017273,E02003579,E02003579,E40000005,E00087264,E00087264,5B1,E99999999,"444056","1",E18000009,E06000045,"0110682",E05015506,E43000036,E65000001,SO199QF,SO19 9QF,SO19 9QF,E14001499,E23000030,E12000008,C1,UN1,E38000253,E30000267,"0",E33041060
"1487743",E630,E35001237,E56000016,E99999999,E92000001,"200507",,E54000042,"16283",E06000045,50.8930587768555,E37000055,,-1.37733995914459,E01017279,E01017279,E02003579,E02003579,E40000005,E00087265,E00087265,5B2,E99999999,"443889","1",E18000009,E06000045,"0110583",E05015506,E43000036,E65000001,SO199QH,SO19 9QH,SO19 9QH,E14001499,E23000030,E12000008,C1,UN1,E38000253,E30000267,"0",E33041060
"1487746",E630,E35001237,E56000016,E99999999,E92000001,"199412",,E54000042,"12097",E06000045,50.8947601318359,E37000055,,-1.3679039478302,E01017275,E01017275,E02003579,E02003579,E40000005,E00087262,E00087262,6B4,E99999999,"444551","1",E18000009,E06000045,"0110778",E05015506,E43000036,E65000001,SO199QN,SO19 9QN,SO19 9QN,E14001499,E23000030,E12000008,C1,UN1,E38000253,E30000267,"0",E33041061
"1487752",E630,E35001237,E56000016,E99999999,E92000001,"199412",,E54000042,"16691",E06000045,50.896484375,E37000055,,-1.37218904495239,E01017273,E01017273,E02003579,E02003579,E40000005,E00087257,E00087257,5B2,E99999999,"444248","1",E18000009,E06000045,"0110967",E05015506,E43000036,E65000001,SO199QU,SO19 9QU,SO19 9QU,E14001499,E23000030,E12000008,C1,UN1,E38000253,E30000267,"0",E33041060
"1487753",E630,E35001237,E56000016,E99999999,E92000001,"199412",,E54000042,"16283",E06000045,50.8877067565918,E37000055,,-1.37162494659424,E01017279,E01017279,E02003579,E02003579,E40000005,E00087274,E00087274,5A3,E99999999,"444296","1",E18000009,E06000045,"0109991",E05015506,E43000036,E65000001,SO199QW,SO19 9QW,SO19 9QW,E14001499,E23000030,E12000008,C1,UN1,E38000253,E30000267,"0",E33041058
"1487757",E630,E35001237,E56000016,E99999999,E92000001,"199412",,E54000042,"16283",E06000045,50.8868789672852,E37000055,,-1.3717360496521,E01017279,E01017279,E02003579,E02003579,E40000005,E00087274,E00087274,5A3,E99999999,"444289","1",E18000009,E06000045,"0109899",E05015506,E43000036,E65000001,SO199RA,SO19 9RA,SO19 9RA,E14001499,E23000030,E12000008,C1,UN1,E38000253,E30000267,"0",E33041058
"1487759",E630,E35001237,E56000016,E99999999,E92000001,"199412",,E54000042,"12097",E06000045,50.8965644836426,E37000055,,-1.36527800559998,E01017275,E01017275,E02003579,E02003579,E40000005,E00087253,E00087253,5A2,E99999999,"444734","1",E18000009,E06000045,"0110980",E05015499,E43000036,E65000001,SO199RD,SO19 9RD,SO19 9RD,E14001499,E23000030,E12000008,C1,UN1,E38000253,E30000267,"0",E33041061
"1487760",E630,E35001237,E56000016,E99999999,E92000001,"200504",,E54000042,"5447",E06000045,50.8971633911133,E37000055,,-1.37943196296692,E01017276,E01017276,E02003579,E02003579,E40000005,E00087254,E00190573,4A2,E99999999,"443738","1",E18000009,E06000045,"0111038",E05015506,E43000036,E65000001,SO199RF,SO19 9RF,SO19 9RF,E14001499,E23000030,E12000008,C1,UN1,E38000253,E30000267,"0",E33041062
"1487761",E630,E35001237,E56000016,E99999999,E92000001,"200112",,E54000042,"5447",E06000045,50.897819519043,E37000055,,-1.37278294563293,E01017276,E01017276,E02003579,E02003579,E40000005,E00087252,E00087252,7A3,E99999999,"444205","1",E18000009,E06000045,"0111115",E05015499,E43000036,E65000001,SO199RL,SO19 9RL,SO19 9RL,E14001499,E23000030,E12000008,C1,UN1,E38000253,E30000267,"1",E33041059
"1487767",E630,E35001237,E56000016,E99999999,E92000001,"199606",,E54000042,"16283",E06000045,50.8888282775879,E37000055,,-1.37849104404449,E01017279,E01017279,E02003579,E02003579,E40000005,E00087278,E00087278,5A3,E99999999,"443812","1",E18000009,E06000045,"0110112",E05015506,E43000036,E65000001,SO199RY,SO19 9RY,SO19 9RY,E14001499,E23000030,E12000008,C1,UN1,E38000253,E30000267,"0",E33041058
"1487768",E630,E35001237,E56000016,E99999999,E92000001,"199412",,E54000042,"16283",E06000045,50.8866386413574,E37000055,,-1.3721090555191,E01017279,E01017279,E02003579,E02003579,E40000005,E00087274,E00087274,5A3,E99999999,"444263","1",E18000009,E06000045,"0109872",E05015506,E43000036,E65000001,SO199SH,SO19 9SH,SO19 9SH,E14001499,E23000030,E12000008,C1,UN1,E38000253,E30000267,"0",E33041058
"1487769",E630,E35001237,E56000016,E99999999,E92000001,"199912",,E54000042,"12097",E06000045,50.8907623291016,E37000055,,-1.36170303821564,E01017275,E01017275,E02003579,E02003579,E40000005,E00087259,E00087259,5B2,E99999999,"444991","1",E18000009,E06000045,"0110337",E05015506,E43000036,E65000001,SO199SJ,SO19 9SJ,SO19 9SJ,E14001499,E23000030,E12000008,C1,UN1,E38000253,E30000267,"0",E33041061
"1487770",E630,E35001237,E56000016,E99999999,E92000001,"200906",,E54000042,"5447",E06000045,50.8968925476074,E37000055,,-1.3797060251236,E01017276,E01017276,E02003579,E02003579,E40000005,E00087254,E00190573,4A2,E99999999,"443719","1",E18000009,E06000045,"0111008",E05015506,E43000036,E65000001,SO199SN,SO19 9SN,SO19 9SN,E14001499,E23000030,E12000008,C1,UN1,E38000253,E30000267,"0",E33041062
"1487771",E630,E35001237,E56000016,E99999999,E92000001,"201111",,E54000042,"10185",E06000045,50.8939666748047,E37000055,,-1.38203394412994,E01017278,E01035446,E02003579,E02003579,E40000005,E00087267,E00189202,5A3,E99999999,"443558","1",E18000009,E06000045,"0110681",E05015506,E43000036,E65000001,SO199SP,SO19 9SP,SO19 9SP,E14001499,E23000030,E12000008,C1,UN1,E38000253,E30000267,"0",E33041062
"1487772",E630,E35999999,E56000016,E99999999,E92000001,"201205",,E54000042,"10185",E06000045,50.8933792114258,E37000055,,-1.38191401958466,E01017278,E01035447,E02003579,E02003579,E40000005,E00087267,E00186090,5A3,E99999999,"443567","1",E18000009,E06000045,"0110616",E05015506,E43000036,E65000001,SO199SQ,SO19 9SQ,SO19 9SQ,E14001499,E23000030,E12000008,C1,UN1,E38000253,E30000267,"0",E33041062
"1487773",E630,E35001237,E56000016,E99999999,E92000001,"201110",,E54000042,"10185",E06000045,50.8935852050781,E37000055,,-1.38174104690552,E01017278,E01035447,E02003579,E02003579,E40000005,E00087267,E00186090,5A3,E99999999,"443579","1",E18000009,E06000045,"0110639",E05015506,E43000036,E65000001,SO199SR,SO19 9SR,SO19 9SR,E14001499,E23000030,E12000008,C1,UN1,E38000253,E30000267,"0",E33041062
"1487774",E630,E35001237,E56000016,E99999999,E92000001,"201107",,E54000042,"10185",E06000045,50.89404296875,E37000055,,-1.38132202625275,E01017278,E01035447,E02003579,E02003579,E40000005,E00087267,E00186090,5A3,E99999999,"443608","1",E18000009,E06000045,"0110690",E05015506,E43000036,E65000001,SO199SS,SO19 9SS,SO19 9SS,E14001499,E23000030,E12000008,C1,UN1,E38000253,E30000267,"0",E33041062
"1487775",E630,E35001237,E56000016,E99999999,E92000001,"201108",,E54000042,"10185",E06000045,50.8945274353027,E37000055,,-1.38087499141693,E01017278,E01035447,E02003579,E02003579,E40000005,E00087267,E00186090,5A3,E99999999,"443639","1",E18000009,E06000045,"0110744",E05015506,E43000036,E65000001,SO199ST,SO19 9ST,SO19 9ST,E14001499,E23000030,E12000008,C1,UN1,E38000253,E30000267,"0",E33041062
"1487777",E630,E35999999,E56000016,E99999999,E92000001,"201404",,E54000042,"10185",E06000045,50.8955001831055,E37000055,,-1.38110399246216,E01017278,E01035446,E02003579,E02003579,E40000005,E00087267,E00186088,5A3,E99999999,"443622","1",E18000009,E06000045,"0110852",E05015506,E43000036,E65000001,SO199SW,SO19 9SW,SO19 9SW,E14001499,E23000030,E12000008,C1,UN1,E38000253,E30000267,"0",E33041062
"1487778",E630,E35001237,E56000016,E99999999,E92000001,"201404",,E54000042,"10185",E06000045,50.8954086303711,E37000055,,-1.38140404224396,E01017278,E01035446,E02003579,E02003579,E40000005,E00087267,E00186088,5A3,E99999999,"443601","1",E18000009,E06000045,"0110842",E05015506,E43000036,E65000001,SO199SX,SO19 9SX,SO19 9SX,E14001499,E23000030,E12000008,C1,UN1,E38000253,E30000267,"0",E33041062
"1487779",E630,E35001237,E56000016,E99999999,E92000001,"201404",,E54000042,"10185",E06000045,50.8951683044434,E37000055,,-1.38152098655701,E01017278,E01035446,E02003579,E02003579,E40000005,E00087267,E00186324,5A3,E99999999,"443593","1",E18000009,E06000045,"0110815",E05015506,E43000036,E65000001,SO199SY,SO19 9SY,SO19 9SY,E14001499,E23000030,E12000008,C1,UN1,E38000253,E30000267,"0",E33041062
"1487780",E630,E35001237,E56000016,E99999999,E92000001,"201309",,E54000042,"10185",E06000045,50.8947105407715,E37000055,,-1.3813990354538,E01017278,E01035446,E02003579,E02003579,E40000005,E00087267,E00186324,5A3,E99999999,"443602","1",E18000009,E06000045,"0110764",E05015506,E43000036,E65000001,SO199SZ,SO19 9SZ,SO19 9SZ,E14001499,E23000030,E12000008,C1,UN1,E38000253,E30000267,"0",E33041062
"1487781",E630,E35001237,E56000016,E99999999,E92000001,"199412",,E54000042,"10185",E06000045,50.8896560668945,E37000055,,-1.38160800933838,E01017278,E01035446,E02003579,E02003579,E40000005,E00087267,E00189201,5A3,E99999999,"443592","1",E18000009,E06000045,"0110202",E05015506,E43000036,E65000001,SO199TA,SO19 9TA,SO19 9TA,E14001499,E23000030,E12000008,C1,UN1,E38000253,E30000267,"0",E33041062
"1487784",E630,E35001237,E56000016,E99999999,E92000001,"199412",,E54000042,"16283",E06000045,50.8879776000977,E37000055,,-1.37409496307373,E01017279,E01017279,E02003579,E02003579,E40000005,E00087276,E00087276,8C1,E99999999,"444122","1",E18000009,E06000045,"0110020",E05015506,E43000036,E65000001,SO199TE,SO19 9TE,SO19 9TE,E14001499,E23000030,E12000008,C1,UN1,E38000253,E30000267,"0",E33041058
"1487785",E630,E35001237,E56000016,E99999999,E92000001,"199501",,E54000042,"10185",E06000045,50.8894309997559,E37000055,,-1.38006103038788,E01017278,E01035447,E02003579,E02003579,E40000005,E00087267,E00178644,5A3,E99999999,"443701","1",E18000009,E06000045,"0110178",E05015506,E43000036,E65000001,SO199TF,SO19 9TF,SO19 9TF,E14001499,E23000030,E12000008,C1,UN1,E38000253,E30000267,"0",E33041062
"1487786",E630,E35001237,E56000016,E99999999,E92000001,"199501",,E54000042,"5447",E06000045,50.8970680236816,E37000055,,-1.38210701942444,E01017276,E01017276,E02003579,E02003579,E40000005,E00087254,E00182068,4A2,E99999999,"443550","1",E18000009,E06000045,"0111026",E05015499,E43000036,E65000001,SO199TG,SO19 9TG,SO19 9TG,E14001499,E23000030,E12000008,C1,UN1,E38000253,E30000267,"0",E33041062
"1487787",E630,E35001237,E56000016,E99999999,E92000001,"199501",,E54000042,"5447",E06000045,50.8971366882324,E37000055,,-1.38165104389191,E01017276,E01017276,E02003579,E02003579,E40000005,E00087254,E00182068,4A2,E99999999,"443582","1",E18000009,E06000045,"0111034",E05015499,E43000036,E65000001,SO199TH,SO19 9TH,SO19 9TH,E14001499,E23000030,E12000008,C1,UN1,E38000253,E30000267,"0",E33041062
"1487788",E630,E35001237,E56000016,E99999999,E92000001,"199501",,E54000042,"5447",E06000045,50.8974800109863,E37000055,,-1.38177394866943,E01017276,E01017276,E02003579,E02003579,E40000005,E00087254,E00182068,4A2,E99999999,"443573","1",E18000009,E06000045,"0111072",E05015499,E43000036,E65000001,SO199TJ,SO19 9TJ,SO19 9TJ,E14001499,E23000030,E12000008,C1,UN1,E38000253,E30000267,"0",E33041062
"1487789",E630,E35001237,E56000016,E99999999,E92000001,"199501",,E54000042,"5447",E06000045,50.8978576660156,E37000055,,-1.38151395320892,E01017276,E01017276,E02003579,E02003579,E40000005,E00087254,E00182068,4A2,E99999999,"443591","1",E18000009,E06000045,"0111114",E05015499,E43000036,E65000001,SO199TL,SO19 9TL,SO19 9TL,E14001499,E23000030,E12000008,C1,UN1,E38000253,E30000267,"0",E33041062
"1487790",E630,E35001237,E56000016,E99999999,E92000001,"199501",,E54000042,"5447",E06000045,50.8979797363281,E37000055,,-1.38107097148895,E01017276,E01017276,E02003579,E02003579,E40000005,E00087254,E00190573,4A2,E99999999,"443622","1",E18000009,E06000045,"0111128",E05015499,E43000036,E65000001,SO199TN,SO19 9TN,SO19 9TN,E14001499,E23000030,E12000008,C1,UN1,E38000253,E30000267,"0",E33041062
"1487791",E630,E35001237,E56000016,E99999999,E92000001,"199512",,E54000042,"10185",E06000045,50.8893661499023,E37000055,,-1.37930905818939,E01017278,E01035447,E02003579,E02003579,E40000005,E00087267,E00178644,5A3,E99999999,"443754","1",E18000009,E06000045,"0110171",E05015506,E43000036,E65000001,SO199TP,SO19 9TP,SO19 9TP,E14001499,E23000030,E12000008,C1,UN1,E38000253,E30000267,"0",E33041062
"1487792",E630,E35001237,E56000016,E99999999,E92000001,"201309",,E54000042,"10185",E06000045,50.8946380615234,E37000055,,-1.38138604164124,E01017278,E01035446,E02003579,E02003579,E40000005,E00087267,E00186324,5A3,E99999999,"443603","1",E18000009,E06000045,"0110756",E05015506,E43000036,E65000001,SO199TQ,SO19 9TQ,SO19 9TQ,E14001499,E23000030,E12000008,C1,UN1,E38000253,E30000267,"0",E33041062
"1487793",E630,E35001237,E56000016,E99999999,E92000001,"199612",,E54000042,"10185",E06000045,50.8895034790039,E37000055,,-1.37683296203613,E01017278,E01035447,E02003579,E02003579,E40000005,E00087275,E00087275,5A1,E99999999,"443928","1",E18000009,E06000045,"0110188",E05015506,E43000036,E65000001,SO199TR,SO19 9TR,SO19 9TR,E14001499,E23000030,E12000008,C1,UN1,E38000253,E30000267,"0",E33041058
"1487794",E630,E35001237,E56000016,E99999999,E92000001,"201308",,E54000042,"10185",E06000045,50.8945198059082,E37000055,,-1.38148701190948,E01017278,E01035446,E02003579,E02003579,E40000005,E00087267,E00186324,5A3,E99999999,"443596","1",E18000009,E06000045,"0110743",E05015506,E43000036,E65000001,SO199TS,SO19 9TS,SO19 9TS,E14001499,E23000030,E12000008,C1,UN1,E38000253,E30000267,"0",E33041062
"1487795",E630,E35001237,E56000016,E99999999,E92000001,"199612",,E54000042,"16283",E06000045,50.8888359069824,E37000055,,-1.37470901012421,E01017279,E01017279,E02003579,E02003579,E40000005,E00087276,E00087276,8C1,E99999999,"444078","1",E18000009,E06000045,"0110115",E05015506,E43000036,E65000001,SO199TT,SO19 9TT,SO19 9TT,E14001499,E23000030,E12000008,C1,UN1,E38000253,E30000267,"0",E33041058
"1487796",E630,E35001237,E56000016,E99999999,E92000001,"199612",,E54000042,"16283",E06000045,50.8892555236816,E37000055,,-1.37576997280121,E01017279,E01017279,E02003579,E02003579,E40000005,E00087276,E00087276,8C1,E99999999,"444003","1",E18000009,E06000045,"0110161",E05015506,E43000036,E65000001,SO199TU,SO19 9TU,SO19 9TU,E14001499,E23000030,E12000008,C1,UN1,E38000253,E30000267,"0",E33041058
"1487797",E630,E35001237,E56000016,E99999999,E92000001,"201307",,E54000042,"10185",E06000045,50.8944778442383,E37000055,,-1.38153004646301,E01017278,E01035447,E02003579,E02003579,E40000005,E00087267,E00186090,5A3,E99999999,"443593","1",E18000009,E06000045,"0110738",E05015506,E43000036,E65000001,SO199TW,SO19 9TW,SO19 9TW,E14001499,E23000030,E12000008,C1,UN1,E38000253,E30000267,"0",E33041062
"1487798",E630,E35001237,E56000016,E99999999,E92000001,"199612",,E54000042,"16283",E06000045,50.8887252807617,E37000055,,-1.37601900100708,E01017279,E01017279,E02003579,E02003579,E40000005,E00087278,E00087278,5A3,E99999999,"443986","1",E18000009,E06000045,"0110102",E05015506,E43000036,E65000001,SO199TX,SO19 9TX,SO19 9TX,E14001499,E23000030,E12000008,C1,UN1,E38000253,E30000267,"0",E33041058
"1487799",E630,E35001237,E56000016,E99999999,E92000001,"199612",,E54000042,"16283",E06000045,50.8885612487793,E37000055,,-1.37681698799133,E01017279,E01017279,E02003579,E02003579,E40000005,E00087278,E00087278,5A3,E99999999,"443930","1",E18000009,E06000045,"0110083",E05015506,E43000036,E65000001,SO199TY,SO19 9TY,SO19 9TY,E14001499,E23000030,E12000008,C1,UN1,E38000253,E30000267,"0",E33041058
"1487800",E630,E35001237,E56000016,E99999999,E92000001,"201402",,E54000042,"10185",E06000045,50.8955955505371,E37000055,,-1.38070499897003,E01017278,E01035446,E02003579,E02003579,E40000005,E00087267,E00186088,5A3,E99999999,"443650","1",E18000009,E06000045,"0110863",E05015506,E43000036,E65000001,SO199TZ,SO19 9TZ,SO19 9TZ,E14001499,E23000030,E12000008,C1,UN1,E38000253,E30000267,"0",E33041062
"1487801",E630,E35001237,E56000016,E99999999,E92000001,"199706",,E54000042,"5447",E06000045,50.8934898376465,E37000055,,-1.38030600547791,E01017276,E01017276,E02003579,E02003579,E40000005,E00087258,E00087258,7A1,E99999999,"443680","1",E18000009,E06000045,"0110629",E05015506,E43000036,E65000001,SO199UA,SO19 9UA,SO19 9UA,E14001499,E23000030,E12000008,C1,UN1,E38000253,E30000267,"0",E33041062
"1487802",E630,E35001237,E56000016,E99999999,E92000001,"201504",,E54000042,"10185",E06000045,50.8946571350098,E37000055,,-1.38194000720978,E01017278,E01035446,E02003579,E02003579,E40000005,E00087267,E00186324,5A3,E99999999,"443564","1",E18000009,E06000045,"0110758",E05015506,E43000036,E65000001,SO199UB,SO19 9UB,SO19 9UB,E14001499,E23000030,E12000008,C1,UN1,E38000253,E30000267,"0",E33041062
"1487803",E630,E35001237,E56000016,E99999999,E92000001,"201505",,E54000042,"10185",E06000045,50.8949317932129,E37000055,,-1.38240504264832,E01017278,E01035446,E02003579,E02003579,E40000005,E00087267,E00190541,5A3,E99999999,"443531","1",E18000009,E06000045,"0110788",E05015506,E43000036,E65000001,SO199UD,SO19 9UD,SO19 9UD,E14001499,E23000030,E12000008,C1,UN1,E38000253,E30000267,"0",E33041062
"1487804",E630,E35001237,E56000016,E99999999,E92000001,"201505",,E54000042,"10185",E06000045,50.894832611084,E37000055,,-1.3826630115509,E01017278,E01035446,E02003579,E02003579,E40000005,E00087267,E00190541,5A3,E99999999,"443513","1",E18000009,E06000045,"0110777",E05015506,E43000036,E65000001,SO199UE,SO19 9UE,SO19 9UE,E14001499,E23000030,E12000008,C1,UN1,E38000253,E30000267,"0",E33041062
"1487805",E630,E35999999,E56000016,E99999999,E92000001,"201511",,E54000042,"10185",E06000045,50.8943634033203,E37000055,,-1.38222801685333,E01017278,E01035446,E02003579,E02003579,E40000005,E00087267,E00186324,5A3,E99999999,"443544","1",E18000009,E06000045,"0110725",E05015506,E43000036,E65000001,SO199UF,SO19 9UF,SO19 9UF,E14001499,E23000030,E12000008,C1,UN1,E38000253,E30000267,"0",E33041062
"1487806",E630,E35999999,E56000016,E99999999,E92000001,"201511",,E54000042,"10185",E06000045,50.8945007324219,E37000055,,-1.38319301605225,E01017278,E01035446,E02003579,E02003579,E40000005,E00087267,E00190541,5A3,E99999999,"443476","1",E18000009,E06000045,"0110740",E05015506,E43000036,E65000001,SO199UG,SO19 9UG,SO19 9UG,E14001499,E23000030,E12000008,C1,UN1,E38000253,E30000267,"0",E33041062
"1487807",E630,E35999999,E56000016,E99999999,E92000001,"201602",,E54000042,"10185",E06000045,50.8938179016113,E37000055,,-1.38286101818085,E01017278,E01035446,E02003579,E02003579,E40000005,E00087267,E00189202,5A3,E99999999,"443500","1",E18000009,E06000045,"0110664",E05015506,E43000036,E65000001,SO199UH,SO19 9UH,SO19 9UH,E14001499,E23000030,E12000008,C1,UN1,E38000253,E30000267,"0",E33041062
"1487808",E630,E35999999,E56000016,E99999999,E92000001,"201605",,E54000042,"10185",E06000045,50.8940162658691,E37000055,,-1.38341295719147,E01017278,E01035446,E02003579,E02003579,E40000005,E00087267,E00189201,5A3,E99999999,"443461","1",E18000009,E06000045,"0110686",E05015506,E43000036,E65000001,SO199UJ,SO19 9UJ,SO19 9UJ,E14001499,E23000030,E12000008,C1,UN1,E38000253,E30000267,"0",E33041062
"1487809",E630,E35999999,E56000016,E99999999,E92000001,"201709",,E54000042,"10185",E06000045,50.894832611084,E37000055,,-1.38250601291656,E01017278,E01035446,E02003579,E02003579,E40000005,E00087267,E00190541,5A3,E99999999,"443524","1",E18000009,E06000045,"0110777",E05015506,E43000036,E65000001,SO199UL,SO19 9UL,SO19 9UL,E14001499,E23000030,E12000008,C1,UN1,E38000253,E30000267,"0",E33041062
"1487810",E630,E35999999,E56000016,E99999999,E92000001,"201605",,E54000042,"10185",E06000045,50.8945388793945,E37000055,,-1.38334894180298,E01017278,E01035446,E02003579,E02003579,E40000005,E00087267,E00190541,5A3,E99999999,"443465","1",E18000009,E06000045,"0110744",E05015506,E43000036,E65000001,SO199UN,SO19 9UN,SO19 9UN,E14001499,E23000030,E12000008,C1,UN1,E38000253,E30000267,"0",E33041062
"1487813",E630,E35001237,E56000016,E99999999,E92000001,"201704",,E54000042,"5447",E06000045,50.8951950073242,E37000055,,-1.38345396518707,E01017276,E01017276,E02003579,E02003579,E40000005,E00087254,E00182068,4A2,E99999999,"443457","1",E18000009,E06000045,"0110817",E05015506,E43000036,E65000001,SO199UR,SO19 9UR,SO19 9UR,E14001499,E23000030,E12000008,C1,UN1,E38000253,E30000267,"0",E33041062
"1487814",E630,E35001237,E56000016,E99999999,E92000001,"201801",,E54000042,"5447",E06000045,50.8951950073242,E37000055,,-1.38345396518707,E01017276,E01017276,E02003579,E02003579,E40000005,E00087254,E00182068,4A2,E99999999,"443457","1",E18000009,E06000045,"0110817",E05015506,E43000036,E65000001,SO199US,SO19 9US,SO19 9US,E14001499,E23000030,E12000008,C1,UN1,E38000253,E30000267,"0",E33041062
"1487815",E630,E35999999,E56000016,E99999999,E92000001,"201810",,E54000042,"10185",E06000045,50.8956832885742,E37000055,,-1.38199698925018,E01017278,E01035446,E02003579,E02003579,E40000005,E00087267,E00186088,5A3,E99999999,"443559","1",E18000009,E06000045,"0110872",E05015506,E43000036,E65000001,SO199UT,SO19 9UT,SO19 9UT,E14001499,E23000030,E12000008,C1,UN1,E38000253,E30000267,"0",E33041062
"1487816",E630,E35999999,E56000016,E99999999,E92000001,"201906",,E54000042,"10185",E06000045,50.8955230712891,E37000055,,-1.38231205940247,E01017278,E01035446,E02003579,E02003579,E40000005,E00087267,E00186088,5A3,E99999999,"443537","1",E18000009,E06000045,"0110854",E05015506,E43000036,E65000001,SO199UU,SO19 9UU,SO19 9UU,E14001499,E23000030,E12000008,C1,UN1,E38000253,E30000267,"0",E33041062
"1487818",E630,E35001237,E56000016,E99999999,E92000001,"201810",,E54000042,"10185",E06000045,50.8937225341797,E37000055,,-1.38023197650909,E01017278,E01035447,E02003579,E02003579,E40000005,E00087266,E00087266,5A3,E99999999,"443685","1",E18000009,E06000045,"0110655",E05015506,E43000036,E65000001,SO199UX,SO19 9UX,SO19 9UX,E14001499,E23000030,E12000008,C1,UN1,E38000253,E30000267,"0",E33041058
"1487819",E630,E35999999,E56000016,E99999999,E92000001,"202005",,E54000042,"5447",E06000045,50.8966064453125,E37000055,,-1.38144505023956,E01017276,E01017276,E02003579,E02003579,E40000005,E00087254,E00182068,4A2,E99999999,"443597","1",E18000009,E06000045,"0110975",E05015506,E43000036,E65000001,SO199UY,SO19 9UY,SO19 9UY,E14001499,E23000030,E12000008,C1,UN1,E38000253,E30000267,"0",E33041062
"1487820",E630,E35999999,E56000016,E99999999,E92000001,"201910",,E54000042,"10185",E06000045,50.8929328918457,E37000055,,-1.3822900056839,E01017278,E01035447,E02003579,E02003579,E40000005,E00087267,E00186090,5A3,E99999999,"443541","1",E18000009,E06000045,"0110566",E05015506,E43000036,E65000001,SO199UZ,SO19 9UZ,SO19 9UZ,E14001499,E23000030,E12000008,C1,UN1,E38000253,E30000267,"0",E33041062
"1487821",E630,E35999999,E56000016,E99999999,E92000001,"202012",,E54000042,"10185",E06000045,50.8927841186523,E37000055,,-1.38301694393158,E01017278,E01035447,E02003579,E02003579,E40000005,E00087267,E00186090,5A3,E99999999,"443490","1",E18000009,E06000045,"0110549",E05015506,E43000036,E65000001,SO199XE,SO19 9XE,SO19 9XE,E14001499,E23000030,E12000008,C1,UN1,E38000253,E30000267,"0",E33041062
"1487822",E630,E35999999,E56000016,E99999999,E92000001,"202008",,E54000042,"10185",E06000045,50.8932571411133,E37000055,,-1.3825980424881,E01017278,E01035446,E02003579,E02003579,E40000005,E00087267,E00189202,5A3,E99999999,"443519","1",E18000009,E06000045,"0110602",E05015506,E43000036,E65000001,SO199XF,SO19 9XF,SO19 9XF,E14001499,E23000030,E12000008,C1,UN1,E38000253,E30000267,"0",E33041062
"1487823",E630,E35999999,E56000016,E99999999,E92000001,"202211",,E54000042,"10185",E06000045,50.8946685791016,E37000055,,-1.38367402553558,E01017278,E01035446,E02003579,E02003579,E40000005,E00087267,E00190541,5A3,E99999999,"443442","1",E18000009,E06000045,"0110758",E05015506,E43000036,E65000001,SO199XG,SO19 9XG,SO19 9XG,E14001499,E23000030,E12000008,C1,UN1,E38000253,E30000267,"0",E33041062
"1487824",E630,E35999999,E56000016,E99999999,E92000001,"202211",,E54000042,"10185",E06000045,50.8946571350098,E37000055,,-1.38365995883942,E01017278,E01035446,E02003579,E02003579,E40000005,E00087267,E00190541,5A3,E99999999,"443443","1",E18000009,E06000045,"0110757",E05015506,E43000036,E65000001,SO199XH,SO19 9XH,SO19 9XH,E14001499,E23000030,E12000008,C1,UN1,E38000253,E30000267,"0",E33041062
"1487825",E630,E35001237,E56000016,E99999999,E92000001,"202311",,E54000042,"12097",E06000045,50.8953475952148,E37000055,,-1.36677300930023,E01017275,E01017275,E02003579,E02003579,E40000005,E00087262,E00087262,6B4,E99999999,"444630","1",E18000009,E06000045,"0110844",E05015506,E43000036,E65000001,SO199XJ,SO19 9XJ,SO19 9XJ,E14001499,E23000030,E12000008,C1,UN1,E38000253,E30000267,"0",E33041061
"1487826",,E35999999,E56000016,E99999999,E92000001,"202406",,E54000042,"10185",E06000045,50.8922424316406,E37000055,,-1.38289594650269,E01017278,E01035447,E02003579,E02003579,E40000005,E00087267,E00186090,5A3,E99999999,"443499","1",E18000009,E06000045,"0110489",E05015506,E43000036,E65000001,SO199XL,SO19 9XL,SO19 9XL,E14001499,E23000030,E12000008,C1,UN1,E38000253,E30000267,"0",E33041062
"1487827",,E35999999,E56000016,E99999999,E92000001,"202406",,E54000042,"10185",E06000045,50.893440246582,E37000055,,-1.3833349943161,E01017278,E01035446,E02003579,E02003579,E40000005,E00087267,E00189202,5A3,E99999999,"443467","1",E18000009,E06000045,"0110622",E05015506,E43000036,E65000001,SO199XN,SO19 9XN,SO19 9XN,E14001499,E23000030,E12000008,C1,UN1,E38000253,E30000267,"0",E33041062
"1487828",,E35999999,E56000016,E99999999,E92000001,"202406",,E54000042,"10185",E06000045,50.8926429748535,E37000055,,-1.38360202312469,E01017278,E01035446,E02003579,E02003579,E40000005,E00087267,E00189201,5A3,E99999999,"443449","1",E18000009,E06000045,"0110533",E05015506,E43000036,E65000001,SO199XP,SO19 9XP,SO19 9XP,E14001499,E23000030,E12000008,C1,UN1,E38000253,E30000267,"0",E33041062
"1487829",,E35999999,E56000016,E99999999,E92000001,"202406",,E54000042,"10185",E06000045,50.8924713134766,E37000055,,-1.38373196125031,E01017278,E01035446,E02003579,E02003579,E40000005,E00087267,E00189201,5A3,E99999999,"443440","1",E18000009,E06000045,"0110514",E05015506,E43000036,E65000001,SO199XR,SO19 9XR,SO19 9XR,E14001499,E23000030,E12000008,C1,UN1,E38000253,E30000267,"0",E33041062
