OBJECTID,BUA11,BUASD11,CALNCV,CED,CTRY,DOINTR,DOTERM,ICB,IMD,ITL,LAT,LEP1,LEP2,LONG,LSOA11,LSOA21,MSOA11,MSOA21,NHSER,OA11,OA21,OAC11,OSCTY,OSEAST1M,OSGRDIND,OSHLTHAU,OSLAUA,OSNRTH1M,OSWARD,PARISH,PARK,PCD,PCD2,PCDS,PCON,PFA,RGN,RU11IND,RUC21IND,SICBL,TTWA,USERTYPE,WZ11
"97905",,E35001211,E56000030,E99999999,E92000001,"202302",,E54000054,"17666",E08000034,53.7439804077148,E37000062,,-1.73150205612183,E01011062,E01011062,E02002273,E02002273,E40000012,E00055780,E00055780,1B1,E99999999,"417806","1",E18000003,E08000034,"0427543",E05001393,E43000188,E65000001,BD127AZ,BD12 7AZ,BD12 7AZ,E14001506,E23000010,E12000003,C1,UN1,E38000254,E30000018,"0",E33011874
"97927",E630,E35001211,E56000030,E99999999,E92000001,"198001",,E54000054,"17666",E08000034,53.746654510498,E37000062,,-1.74165999889374,E01011062,E01011062,E02002273,E02002273,E40000012,E00055733,E00055733,5A1,E99999999,"417135","1",E18000003,E08000034,"0427838",E05001393,E43000188,E65000001,BD127DJ,BD12 7DJ,BD12 7DJ,E14001506,E23000010,E12000003,C1,UN1,E38000254,E30000018,"0",E33011874
"97928",E630,E35001211,E56000030,E99999999,E92000001,"200112",,E54000054,"17666",E08000034,53.7468376159668,E37000062,,-1.7400209903717,E01011062,E01011062,E02002273,E02002273,E40000012,E00055733,E00055733,5A1,E99999999,"417243","1",E18000003,E08000034,"0427859",E05001393,E43000188,E65000001,BD127DN,BD12 7DN,BD12 7DN,E14001506,E23000010,E12000003,C1,UN1,E38000254,E30000018,"0",E33011874
"97929",E630,E35001211,E56000030,E99999999,E92000001,"198001",,E54000054,"17666",E08000034,53.7471656799316,E37000062,,-1.74115598201752,E01011062,E01011062,E02002273,E02002273,E40000012,E00055733,E00055733,5A1,E99999999,"417168","1",E18000003,E08000034,"0427895",E05001393,E43000188,E65000001,BD127DP,BD12 7DP,BD12 7DP,E14001506,E23000010,E12000003,C1,UN1,E38000254,E30000018,"0",E33011874
"97931",E630,E35001211,E56000030,E99999999,E92000001,"198001",,E54000054,"17666",E08000034,53.747142791748,E37000062,,-1.7400039434433,E01011062,E01011062,E02002273,E02002273,E40000012,E00055733,E00055733,5A1,E99999999,"417244","1",E18000003,E08000034,"0427893",E05001393,E43000188,E65000001,BD127DR,BD12 7DR,BD12 7DR,E14001506,E23000010,E12000003,C1,UN1,E38000254,E30000018,"0",E33011874
"97932",E630,E35001211,E56000030,E99999999,E92000001,"198001",,E54000054,"17666",E08000034,53.7472991943359,E37000062,,-1.74056398868561,E01011062,E01011062,E02002273,E02002273,E40000012,E00055733,E00055733,5A1,E99999999,"417207","1",E18000003,E08000034,"0427910",E05001393,E43000188,E65000001,BD127DS,BD12 7DS,BD12 7DS,E14001506,E23000010,E12000003,C1,UN1,E38000254,E30000018,"0",E33011874
"97933",E630,E35001211,E56000030,E99999999,E92000001,"198001",,E54000054,"17666",E08000034,53.7469367980957,E37000062,,-1.7388219833374,E01011062,E01011062,E02002273,E02002273,E40000012,E00055733,E00055733,5A1,E99999999,"417322","1",E18000003,E08000034,"0427870",E05001393,E43000188,E65000001,BD127DT,BD12 7DT,BD12 7DT,E14001506,E23000010,E12000003,C1,UN1,E38000254,E30000018,"0",E33011874
"97934",E630,E35001211,E56000030,E99999999,E92000001,"198001",,E54000054,"17666",E08000034,53.747127532959,E37000062,,-1.73992800712585,E01011062,E01011062,E02002273,E02002273,E40000012,E00055733,E00055733,5A1,E99999999,"417249","1",E18000003,E08000034,"0427891",E05001393,E43000188,E65000001,BD127DU,BD12 7DU,BD12 7DU,E14001506,E23000010,E12000003,C1,UN1,E38000254,E30000018,"0",E33011874
"97935",E630,E35001211,E56000030,E99999999,E92000001,"198001",,E54000054,"17666",E08000034,53.7470169067383,E37000062,,-1.73977696895599,E01011062,E01011062,E02002273,E02002273,E40000012,E00055733,E00055733,5A1,E99999999,"417259","1",E18000003,E08000034,"0427879",E05001393,E43000188,E65000001,BD127DW,BD12 7DW,BD12 7DW,E14001506,E23000010,E12000003,C1,UN1,E38000254,E30000018,"0",E33011874
"97936",E630,E35001211,E56000030,E99999999,E92000001,"198001",,E54000054,"17666",E08000034,53.7470436096191,E37000062,,-1.73962497711182,E01011062,E01011062,E02002273,E02002273,E40000012,E00055733,E00055733,5A1,E99999999,"417269","1",E18000003,E08000034,"0427882",E05001393,E43000188,E65000001,BD127DX,BD12 7DX,BD12 7DX,E14001506,E23000010,E12000003,C1,UN1,E38000254,E30000018,"0",E33011874
"97937",E630,E35001211,E56000030,E99999999,E92000001,"198001",,E54000054,"17666",E08000034,53.7470779418945,E37000062,,-1.73826098442078,E01011062,E01011062,E02002273,E02002273,E40000012,E00055733,E00055733,5A1,E99999999,"417359","1",E18000003,E08000034,"0427886",E05001393,E43000188,E65000001,BD127DY,BD12 7DY,BD12 7DY,E14001506,E23000010,E12000003,C1,UN1,E38000254,E30000018,"0",E33011874
"97938",E630,E35001211,E56000030,E99999999,E92000001,"198001",,E54000054,"17666",E08000034,53.7465209960938,E37000062,,-1.73832499980927,E01011062,E01011062,E02002273,E02002273,E40000012,E00055733,E00055733,5A1,E99999999,"417355","1",E18000003,E08000034,"0427824",E05001393,E43000188,E65000001,BD127EA,BD12 7EA,BD12 7EA,E14001506,E23000010,E12000003,C1,UN1,E38000254,E30000018,"0",E33011874
"97939",E630,E35001211,E56000030,E99999999,E92000001,"198001",,E54000054,"17666",E08000034,53.7453842163086,E37000062,,-1.73751294612885,E01011062,E01011062,E02002273,E02002273,E40000012,E00055780,E00055780,1B1,E99999999,"417409","1",E18000003,E08000034,"0427698",E05001393,E43000188,E65000001,BD127EB,BD12 7EB,BD12 7EB,E14001506,E23000010,E12000003,C1,UN1,E38000254,E30000018,"0",E33011874
"97940",E630,E35001211,E56000030,E99999999,E92000001,"198001",,E54000054,"17666",E08000034,53.7461128234863,E37000062,,-1.74026799201965,E01011062,E01011062,E02002273,E02002273,E40000012,E00055780,E00055780,1B1,E99999999,"417227","1",E18000003,E08000034,"0427778",E05001393,E43000188,E65000001,BD127ED,BD12 7ED,BD12 7ED,E14001506,E23000010,E12000003,C1,UN1,E38000254,E30000018,"0",E33011874
"97941",E630,E35001211,E56000030,E99999999,E92000001,"198001",,E54000054,"17666",E08000034,53.7459297180176,E37000062,,-1.73944997787476,E01011062,E01011062,E02002273,E02002273,E40000012,E00055780,E00055780,1B1,E99999999,"417281","1",E18000003,E08000034,"0427758",E05001393,E43000188,E65000001,BD127EE,BD12 7EE,BD12 7EE,E14001506,E23000010,E12000003,C1,UN1,E38000254,E30000018,"0",E33011874
"97942",E630,E35001211,E56000030,E99999999,E92000001,"198001",,E54000054,"17666",E08000034,53.7464637756348,E37000062,,-1.74028098583221,E01011062,E01011062,E02002273,E02002273,E40000012,E00055733,E00055733,5A1,E99999999,"417226","1",E18000003,E08000034,"0427817",E05001393,E43000188,E65000001,BD127EF,BD12 7EF,BD12 7EF,E14001506,E23000010,E12000003,C1,UN1,E38000254,E30000018,"0",E33011874
"97943",E630,E35001211,E56000030,E99999999,E92000001,"199712",,E54000054,"17666",E08000034,53.7458229064941,E37000062,,-1.73967802524567,E01011062,E01011062,E02002273,E02002273,E40000012,E00055780,E00055780,1B1,E99999999,"417266","1",E18000003,E08000034,"0427746",E05001393,E43000188,E65000001,BD127EG,BD12 7EG,BD12 7EG,E14001506,E23000010,E12000003,C1,UN1,E38000254,E30000018,"0",E33011874
"97944",E630,E35001211,E56000030,E99999999,E92000001,"198001",,E54000054,"17666",E08000034,53.746509552002,E37000062,,-1.7379150390625,E01011062,E01011062,E02002273,E02002273,E40000012,E00055733,E00055733,5A1,E99999999,"417382","1",E18000003,E08000034,"0427823",E05001393,E43000188,E65000001,BD127EH,BD12 7EH,BD12 7EH,E14001506,E23000010,E12000003,C1,UN1,E38000254,E30000018,"0",E33011874
"97945",E630,E35001211,E56000030,E99999999,E92000001,"198001",,E54000054,"17666",E08000034,53.7440605163574,E37000062,,-1.73535299301147,E01011062,E01011062,E02002273,E02002273,E40000012,E00055780,E00055780,1B1,E99999999,"417552","1",E18000003,E08000034,"0427551",E05001393,E43000188,E65000001,BD127EJ,BD12 7EJ,BD12 7EJ,E14001506,E23000010,E12000003,C1,UN1,E38000254,E30000018,"0",E33011874
"97946",E630,E35001211,E56000030,E99999999,E92000001,"198001",,E54000054,"17666",E08000034,53.7445373535156,E37000062,,-1.73636603355408,E01011062,E01011062,E02002273,E02002273,E40000012,E00055780,E00055780,1B1,E99999999,"417485","1",E18000003,E08000034,"0427604",E05001393,E43000188,E65000001,BD127EL,BD12 7EL,BD12 7EL,E14001506,E23000010,E12000003,C1,UN1,E38000254,E30000018,"0",E33011874
"97947",E630,E35001211,E56000030,E99999999,E92000001,"198001",,E54000054,"17666",E08000034,53.7450218200684,E37000062,,-1.73530101776123,E01011062,E01011062,E02002273,E02002273,E40000012,E00055780,E00055780,1B1,E99999999,"417555","1",E18000003,E08000034,"0427658",E05001393,E43000188,E65000001,BD127EN,BD12 7EN,BD12 7EN,E14001506,E23000010,E12000003,C1,UN1,E38000254,E30000018,"0",E33011874
"97948",E630,E35001211,E56000030,E99999999,E92000001,"198001",,E54000054,"17666",E08000034,53.7467079162598,E37000062,,-1.73803496360779,E01011062,E01011062,E02002273,E02002273,E40000012,E00055733,E00055733,5A1,E99999999,"417374","1",E18000003,E08000034,"0427845",E05001393,E43000188,E65000001,BD127EQ,BD12 7EQ,BD12 7EQ,E14001506,E23000010,E12000003,C1,UN1,E38000254,E30000018,"0",E33011874
"97949",E630,E35001211,E56000030,E99999999,E92000001,"198001",,E54000054,"17666",E08000034,53.7463684082031,E37000062,,-1.73418605327606,E01011062,E01011062,E02002273,E02002273,E40000012,E00055780,E00055780,1B1,E99999999,"417628","1",E18000003,E08000034,"0427808",E05001393,E43000188,E65000001,BD127ER,BD12 7ER,BD12 7ER,E14001506,E23000010,E12000003,C1,UN1,E38000254,E30000018,"0",E33011874
"97950",E630,E35001211,E56000030,E99999999,E92000001,"198001",,E54000054,"17666",E08000034,53.7464790344238,E37000062,,-1.73609602451324,E01011062,E01011062,E02002273,E02002273,E40000012,E00055780,E00055780,1B1,E99999999,"417502","1",E18000003,E08000034,"0427820",E05001393,E43000188,E65000001,BD127ES,BD12 7ES,BD12 7ES,E14001506,E23000010,E12000003,C1,UN1,E38000254,E30000018,"0",E33011874
"97951",E630,E35001211,E56000030,E99999999,E92000001,"198001",,E54000054,"17666",E08000034,53.7492256164551,E37000062,,-1.72987699508667,E01011062,E01011062,E02002273,E02002273,E40000012,E00055742,E00055742,1B2,E99999999,"417911","1",E18000003,E08000034,"0428127",E05001393,E43000188,E65000001,BD127ET,BD12 7ET,BD12 7ET,E14001506,E23000010,E12000003,A1,UN1,E38000254,E30000018,"0",E33011874
"97953",E630,E35001211,E56000030,E99999999,E92000001,"199812",,E54000054,"17666",E08000034,53.7457580566406,E37000062,,-1.73873901367188,E01011062,E01011062,E02002273,E02002273,E40000012,E00055780,E00055780,1B1,E99999999,"417328","1",E18000003,E08000034,"0427739",E05001393,E43000188,E65000001,BD127EW,BD12 7EW,BD12 7EW,E14001506,E23000010,E12000003,C1,UN1,E38000254,E30000018,"0",E33011874
"97968",E630,E35001211,E56000030,E99999999,E92000001,"198001",,E54000054,"17666",E08000034,53.7467155456543,E37000062,,-1.74593496322632,E01011062,E01011062,E02002273,E02002273,E40000012,E00055780,E00055780,1B1,E99999999,"416853","1",E18000003,E08000034,"0427844",E05001393,E43000188,E65000001,BD127HR,BD12 7HR,BD12 7HR,E14001506,E23000010,E12000003,C1,UN1,E38000254,E30000018,"0",E33011874
"97974",E630,E35001211,E56000030,E99999999,E92000001,"200401",,E54000054,"17666",E08000034,53.7454605102539,E37000062,,-1.74236404895782,E01011062,E01011062,E02002273,E02002273,E40000012,E00055780,E00055780,1B1,E99999999,"417089","1",E18000003,E08000034,"0427705",E05001393,E43000188,E65000001,BD127HY,BD12 7HY,BD12 7HY,E14001506,E23000010,E12000003,C1,UN1,E38000254,E30000018,"0",E33011874
"98159",E630,E35999999,E56000030,E99999999,E92000001,"202409",,E54000054,"19870",E08000034,53.7321128845215,E37000062,,-1.75892305374146,E01011069,E01011069,E02002273,E02002273,E40000012,E00055744,E00055744,6B2,E99999999,"416002","1",E18000003,E08000034,"0426216",E05001393,E43000188,E65000001,BD129AR,BD12 9AR,BD12 9AR,E14001506,E23000010,E12000003,A1,UN1,E38000254,E30000018,"0",E33011875
"98187",E630,E35001211,E56000030,E99999999,E92000001,"198001",,E54000054,"19870",E08000034,53.734203338623,E37000062,,-1.75795602798462,E01011069,E01011069,E02002273,E02002273,E40000012,E00055744,E00055744,6B2,E99999999,"416065","1",E18000003,E08000034,"0426449",E05001393,E43000188,E65000001,BD129DP,BD12 9DP,BD12 9DP,E14001506,E23000010,E12000003,A1,UN1,E38000254,E30000018,"0",E33011875
"98189",E630,E35001211,E56000030,E99999999,E92000001,"198001",,E54000054,"19870",E08000034,53.7336158752441,E37000062,,-1.7573219537735,E01011069,E01011069,E02002273,E02002273,E40000012,E00055745,E00055745,6A3,E99999999,"416107","1",E18000003,E08000034,"0426384",E05001393,E43000188,E65000001,BD129DR,BD12 9DR,BD12 9DR,E14001506,E23000010,E12000003,A1,UN1,E38000254,E30000018,"0",E33011875
"98190",E630,E35001211,E56000030,E99999999,E92000001,"198001",,E54000054,"19870",E08000034,53.732967376709,E37000062,,-1.75681102275848,E01011069,E01011069,E02002273,E02002273,E40000012,E00055745,E00055745,6A3,E99999999,"416141","1",E18000003,E08000034,"0426312",E05001393,E43000188,E65000001,BD129DS,BD12 9DS,BD12 9DS,E14001506,E23000010,E12000003,A1,UN1,E38000254,E30000018,"0",E33011875
"98191",E630,E35001211,E56000030,E99999999,E92000001,"198001",,E54000054,"19870",E08000034,53.7332458496094,E37000062,,-1.75515699386597,E01011069,E01011069,E02002273,E02002273,E40000012,E00055745,E00055745,6A3,E99999999,"416250","1",E18000003,E08000034,"0426343",E05001393,E43000188,E65000001,BD129DT,BD12 9DT,BD12 9DT,E14001506,E23000010,E12000003,A1,UN1,E38000254,E30000018,"0",E33011875
"98192",E630,E35001211,E56000030,E99999999,E92000001,"198001",,E54000054,"19870",E08000034,53.7333717346191,E37000062,,-1.7563990354538,E01011069,E01011069,E02002273,E02002273,E40000012,E00055745,E00055745,6A3,E99999999,"416168","1",E18000003,E08000034,"0426357",E05001393,E43000188,E65000001,BD129DU,BD12 9DU,BD12 9DU,E14001506,E23000010,E12000003,A1,UN1,E38000254,E30000018,"0",E33011875
"98193",E630,E35001211,E56000030,E99999999,E92000001,"198001",,E54000054,"19870",E08000034,53.734546661377,E37000062,,-1.75376999378204,E01011069,E01011069,E02002273,E02002273,E40000012,E00055746,E00055746,6B3,E99999999,"416341","1",E18000003,E08000034,"0426488",E05001393,E43000188,E65000001,BD129DX,BD12 9DX,BD12 9DX,E14001506,E23000010,E12000003,A1,UN1,E38000254,E30000018,"0",E33011875
"98194",,E35999999,E56000030,E99999999,E92000001,"198001",,E54000054,"17666",E08000034,53.7342872619629,E37000062,,-1.74696505069733,E01011062,E01011062,E02002273,E02002273,E40000012,E00055742,E00055742,1B2,E99999999,"416790","1",E18000003,E08000034,"0426461",E05001393,E43000188,E65000001,BD129DY,BD12 9DY,BD12 9DY,E14001506,E23000010,E12000003,A1,UN1,E38000254,E30000018,"0",E33011874
"98254",E630,E35001211,E56000030,E99999999,E92000001,"198001",,E54000054,"19870",E08000034,53.7337760925293,E37000062,,-1.76055002212524,E01011069,E01011069,E02002273,E02002273,E40000012,E00055744,E00055744,6B2,E99999999,"415894","1",E18000003,E08000034,"0426401",E05001393,E43000188,E65000001,BD129LR,BD12 9LR,BD12 9LR,E14001506,E23000010,E12000003,A1,UN1,E38000254,E30000018,"0",E33011875
"98255",E630,E35001211,E56000030,E99999999,E92000001,"198001",,E54000054,"19870",E08000034,53.732738494873,E37000062,,-1.75784301757812,E01011069,E01011069,E02002273,E02002273,E40000012,E00055744,E00055744,6B2,E99999999,"416073","1",E18000003,E08000034,"0426286",E05001393,E43000188,E65000001,BD129LS,BD12 9LS,BD12 9LS,E14001506,E23000010,E12000003,A1,UN1,E38000254,E30000018,"0",E33011875
"98256",E630,E35001211,E56000030,E99999999,E92000001,"198001",,E54000054,"19870",E08000034,53.7312889099121,E37000062,,-1.75669896602631,E01011069,E01011069,E02002273,E02002273,E40000012,E00055744,E00055744,6B2,E99999999,"416149","1",E18000003,E08000034,"0426125",E05001393,E43000188,E65000001,BD129LT,BD12 9LT,BD12 9LT,E14001506,E23000010,E12000003,A1,UN1,E38000254,E30000018,"0",E33011875
"98257",E630,E35001211,E56000030,E99999999,E92000001,"198001",,E54000054,"19870",E08000034,53.7316513061523,E37000062,,-1.75766694545746,E01011069,E01011069,E02002273,E02002273,E40000012,E00055744,E00055744,6B2,E99999999,"416085","1",E18000003,E08000034,"0426165",E05001393,E43000188,E65000001,BD129LU,BD12 9LU,BD12 9LU,E14001506,E23000010,E12000003,A1,UN1,E38000254,E30000018,"0",E33011875
"98258",E630,E35001211,E56000030,E99999999,E92000001,"198001",,E54000054,"19870",E08000034,53.7308235168457,E37000062,,-1.75794494152069,E01011069,E01011069,E02002273,E02002273,E40000012,E00055744,E00055744,6B2,E99999999,"416067","1",E18000003,E08000034,"0426073",E05001393,E43000188,E65000001,BD129LX,BD12 9LX,BD12 9LX,E14001506,E23000010,E12000003,A1,UN1,E38000254,E30000018,"0",E33011875
"98259",E630,E35001211,E56000030,E99999999,E92000001,"198001",,E54000054,"19870",E08000034,53.7327041625977,E37000062,,-1.75875198841095,E01011069,E01011069,E02002273,E02002273,E40000012,E00055744,E00055744,6B2,E99999999,"416013","1",E18000003,E08000034,"0426282",E05001393,E43000188,E65000001,BD129LY,BD12 9LY,BD12 9LY,E14001506,E23000010,E12000003,A1,UN1,E38000254,E30000018,"0",E33011875
"102254",E630,E35000475,E56000030,E99999999,E92000001,"200403",,E54000054,"17666",E08000034,53.735538482666,E37000062,,-1.7232940196991,E01011062,E01011062,E02002273,E02002273,E40000012,E00055782,E00178697,5A1,E99999999,"418351","1",E18000003,E08000034,"0426606",E05001393,E43000188,E65000001,BD193QB,BD19 3QB,BD19 3QB,E14001506,E23000010,E12000003,A1,UN1,E38000254,E30000018,"0",E33009425
"102256",E630,E35000475,E56000030,E99999999,E92000001,"200206",,E54000054,"17666",E08000034,53.7333564758301,E37000062,,-1.72018599510193,E01011062,E01011062,E02002273,E02002273,E40000012,E00055782,E00178673,5A1,E99999999,"418557","1",E18000003,E08000034,"0426364",E05001393,E43000188,E65000001,BD193QF,BD19 3QF,BD19 3QF,E14001506,E23000010,E12000003,A1,UN1,E38000254,E30000018,"0",E33009426
"102264",E630,E35000475,E56000030,E99999999,E92000001,"201011",,E54000054,"17666",E08000034,53.7331047058105,E37000062,,-1.71967196464539,E01011062,E01011062,E02002273,E02002273,E40000012,E00055782,E00178673,5A1,E99999999,"418591","1",E18000003,E08000034,"0426336",E05001393,E43000188,E65000001,BD193QW,BD19 3QW,BD19 3QW,E14001506,E23000010,E12000003,A1,UN1,E38000254,E30000018,"0",E33009426
"102300",E630,E35000475,E56000030,E99999999,E92000001,"198001",,E54000054,"17666",E08000034,53.7301216125488,E37000062,,-1.71975195407867,E01011062,E01011062,E02002273,E02002273,E40000012,E00055782,E00178673,5A1,E99999999,"418587","1",E18000003,E08000034,"0426004",E05001393,E43000188,E65000001,BD193TN,BD19 3TN,BD19 3TN,E14001506,E23000010,E12000003,A1,UN1,E38000254,E30000018,"0",E33009427
"102304",E630,E35000475,E56000030,E99999999,E92000001,"198001",,E54000054,"17666",E08000034,53.7307167053223,E37000062,,-1.72056698799133,E01011062,E01011062,E02002273,E02002273,E40000012,E00055782,E00178694,5A1,E99999999,"418533","1",E18000003,E08000034,"0426070",E05001393,E43000188,E65000001,BD193TT,BD19 3TT,BD19 3TT,E14001506,E23000010,E12000003,A1,UN1,E38000254,E30000018,"0",E33009427
"102306",E630,E35000475,E56000030,E99999999,E92000001,"198001",,E54000054,"19366",E08000034,53.7309875488281,E37000062,,-1.71783697605133,E01011068,E01011068,E02002273,E02002273,E40000012,E00055743,E00055743,5A1,E99999999,"418713","1",E18000003,E08000034,"0426101",E05001393,E43000188,E65000001,BD193TY,BD19 3TY,BD19 3TY,E14001506,E23000010,E12000003,A1,UN1,E38000254,E30000018,"0",E33011876
"102307",E630,E35000475,E56000030,E99999999,E92000001,"200509",,E54000054,"19366",E08000034,53.730655670166,E37000062,,-1.71808099746704,E01011068,E01011068,E02002273,E02002273,E40000012,E00055743,E00055743,5A1,E99999999,"418697","1",E18000003,E08000034,"0426064",E05001393,E43000188,E65000001,BD193TZ,BD19 3TZ,BD19 3TZ,E14001506,E23000010,E12000003,A1,UN1,E38000254,E30000018,"0",E33011876
"102308",E630,E35000475,E56000030,E99999999,E92000001,"198001",,E54000054,"17666",E08000034,53.7325019836426,E37000062,,-1.71932697296143,E01011062,E01011062,E02002273,E02002273,E40000012,E00055782,E00178673,5A1,E99999999,"418614","1",E18000003,E08000034,"0426269",E05001393,E43000188,E65000001,BD193UA,BD19 3UA,BD19 3UA,E14001506,E23000010,E12000003,A1,UN1,E38000254,E30000018,"0",E33009426
"102309",E630,E35000475,E56000030,E99999999,E92000001,"198001",,E54000054,"17666",E08000034,53.7326164245605,E37000062,,-1.71953904628754,E01011062,E01011062,E02002273,E02002273,E40000012,E00055782,E00178673,5A1,E99999999,"418600","1",E18000003,E08000034,"0426282",E05001393,E43000188,E65000001,BD193UB,BD19 3UB,BD19 3UB,E14001506,E23000010,E12000003,A1,UN1,E38000254,E30000018,"0",E33009426
"102310",E630,E35000475,E56000030,E99999999,E92000001,"198001",,E54000054,"17666",E08000034,53.7319641113281,E37000062,,-1.72037696838379,E01011062,E01011062,E02002273,E02002273,E40000012,E00055782,E00178673,5A1,E99999999,"418545","1",E18000003,E08000034,"0426209",E05001393,E43000188,E65000001,BD193UD,BD19 3UD,BD19 3UD,E14001506,E23000010,E12000003,A1,UN1,E38000254,E30000018,"0",E33009426
"102311",E630,E35000475,E56000030,E99999999,E92000001,"198001",,E54000054,"17666",E08000034,53.732234954834,E37000062,,-1.72430098056793,E01011062,E01011062,E02002273,E02002273,E40000012,E00055782,E00178697,5A1,E99999999,"418286","1",E18000003,E08000034,"0426238",E05001393,E43000188,E65000001,BD193UE,BD19 3UE,BD19 3UE,E14001506,E23000010,E12000003,A1,UN1,E38000254,E30000018,"0",E33009425
"102312",E630,E35000475,E56000030,E99999999,E92000001,"198001",,E54000054,"17666",E08000034,53.7326164245605,E37000062,,-1.72197902202606,E01011062,E01011062,E02002273,E02002273,E40000012,E00055782,E00178697,5A1,E99999999,"418439","1",E18000003,E08000034,"0426281",E05001393,E43000188,E65000001,BD193UG,BD19 3UG,BD19 3UG,E14001506,E23000010,E12000003,A1,UN1,E38000254,E30000018,"0",E33009427
"102313",E630,E35000475,E56000030,E99999999,E92000001,"200802",,E54000054,"17666",E08000034,53.7325820922852,E37000062,,-1.72323703765869,E01011062,E01011062,E02002273,E02002273,E40000012,E00055782,E00178697,5A1,E99999999,"418356","1",E18000003,E08000034,"0426277",E05001393,E43000188,E65000001,BD193UH,BD19 3UH,BD19 3UH,E14001506,E23000010,E12000003,A1,UN1,E38000254,E30000018,"0",E33009425
"102317",E630,E35000475,E56000030,E99999999,E92000001,"198001",,E54000054,"17666",E08000034,53.734489440918,E37000062,,-1.724573969841,E01011062,E01011062,E02002273,E02002273,E40000012,E00055782,E00178697,5A1,E99999999,"418267","1",E18000003,E08000034,"0426489",E05001393,E43000188,E65000001,BD193UQ,BD19 3UQ,BD19 3UQ,E14001506,E23000010,E12000003,A1,UN1,E38000254,E30000018,"0",E33009425
"102352",E630,E35999999,E56000030,E99999999,E92000001,"198001",,E54000054,"19366",E08000034,53.7438545227051,E37000062,,-1.70072400569916,E01011068,E01011068,E02002273,E02002273,E40000012,E00055734,E00055734,6B2,E99999999,"419836","1",E18000003,E08000034,"0427537",E05001393,E43000188,E65000001,BD194BH,BD19 4BH,BD19 4BH,E14001506,E23000010,E12000003,F1,UN1,E38000254,E30000018,"0",E33011876
"102353",E630,E35999999,E56000030,E99999999,E92000001,"198001",,E54000054,"19366",E08000034,53.7430229187012,E37000062,,-1.70318603515625,E01011068,E01011068,E02002273,E02002273,E40000012,E00055734,E00055734,6B2,E99999999,"419674","1",E18000003,E08000034,"0427444",E05001393,E43000188,E65000001,BD194BJ,BD19 4BJ,BD19 4BJ,E14001506,E23000010,E12000003,F1,UN1,E38000254,E30000018,"0",E33011876
"102354",,E35999999,E56000030,E99999999,E92000001,"198001",,E54000054,"19366",E08000034,53.7424125671387,E37000062,,-1.70705604553223,E01011068,E01011068,E02002273,E02002273,E40000012,E00055734,E00055734,6B2,E99999999,"419419","1",E18000003,E08000034,"0427375",E05001393,E43000188,E65000001,BD194BL,BD19 4BL,BD19 4BL,E14001506,E23000010,E12000003,F1,UN1,E38000254,E30000018,"0",E33011876
"102355",E630,E35000475,E56000030,E99999999,E92000001,"198001",,E54000054,"19366",E08000034,53.7373886108398,E37000062,,-1.71160900592804,E01011068,E01011068,E02002273,E02002273,E40000012,E00055736,E00055736,6B2,E99999999,"419121","1",E18000003,E08000034,"0426815",E05001393,E43000188,E65000001,BD194BN,BD19 4BN,BD19 4BN,E14001506,E23000010,E12000003,A1,UN1,E38000254,E30000018,"0",E33011876
"102356",E630,E35000475,E56000030,E99999999,E92000001,"198001",,E54000054,"19366",E08000034,53.7369537353516,E37000062,,-1.71012604236603,E01011068,E01011068,E02002273,E02002273,E40000012,E00055736,E00055736,6B2,E99999999,"419219","1",E18000003,E08000034,"0426767",E05001393,E43000188,E65000001,BD194BP,BD19 4BP,BD19 4BP,E14001506,E23000010,E12000003,A1,UN1,E38000254,E30000018,"0",E33011876
"102359",E630,E35000475,E56000030,E99999999,E92000001,"198001",,E54000054,"19366",E08000034,53.7367935180664,E37000062,,-1.7108850479126,E01011068,E01011068,E02002273,E02002273,E40000012,E00055741,E00055741,6B2,E99999999,"419169","1",E18000003,E08000034,"0426749",E05001393,E43000188,E65000001,BD194BS,BD19 4BS,BD19 4BS,E14001506,E23000010,E12000003,A1,UN1,E38000254,E30000018,"0",E33011876
"102361",E630,E35999999,E56000030,E99999999,E92000001,"198001",,E54000054,"19366",E08000034,53.7380905151367,E37000062,,-1.70397794246674,E01011068,E01011068,E02002273,E02002273,E40000012,E00055734,E00055734,6B2,E99999999,"419624","1",E18000003,E08000034,"0426895",E05001393,E43000188,E65000001,BD194BU,BD19 4BU,BD19 4BU,E14001506,E23000010,E12000003,F1,UN1,E38000254,E30000018,"0",E33011876
"102362",E630,E35000475,E56000030,E99999999,E92000001,"198001",,E54000054,"19366",E08000034,53.7377014160156,E37000062,,-1.71072697639465,E01011068,E01011068,E02002273,E02002273,E40000012,E00055736,E00055736,6B2,E99999999,"419179","1",E18000003,E08000034,"0426850",E05001393,E43000188,E65000001,BD194BW,BD19 4BW,BD19 4BW,E14001506,E23000010,E12000003,A1,UN1,E38000254,E30000018,"0",E33011876
"102363",E630,E35001456,E56000030,E99999999,E92000001,"198001",,E54000054,"19366",E08000034,53.7366714477539,E37000062,,-1.69330096244812,E01011068,E01011068,E02002273,E02002273,E40000012,E00055734,E00055734,6B2,E99999999,"420329","1",E18000003,E08000034,"0426740",E05001393,E43000188,E65000001,BD194BX,BD19 4BX,BD19 4BX,E14001506,E23000010,E12000003,F1,UN1,E38000254,E30000018,"0",E33011876
"102364",E630,E35000475,E56000030,E99999999,E92000001,"198001",,E54000054,"19366",E08000034,53.738166809082,E37000062,,-1.70973896980286,E01011068,E01011068,E02002273,E02002273,E40000012,E00055736,E00055736,6B2,E99999999,"419244","1",E18000003,E08000034,"0426902",E05001393,E43000188,E65000001,BD194BY,BD19 4BY,BD19 4BY,E14001506,E23000010,E12000003,A1,UN1,E38000254,E30000018,"0",E33011876
"102365",E630,E35999999,E56000030,E99999999,E92000001,"198001",,E54000054,"19366",E08000034,53.7388076782227,E37000062,,-1.70268499851227,E01011068,E01011068,E02002273,E02002273,E40000012,E00055734,E00055734,6B2,E99999999,"419709","1",E18000003,E08000034,"0426975",E05001393,E43000188,E65000001,BD194BZ,BD19 4BZ,BD19 4BZ,E14001506,E23000010,E12000003,F1,UN1,E38000254,E30000018,"0",E33011876
"102367",E630,E35000475,E56000030,E99999999,E92000001,"199507",,E54000054,"19366",E08000034,53.7358665466309,E37000062,,-1.71700096130371,E01011068,E01011068,E02002273,E02002273,E40000012,E00055735,E00055735,6B2,E99999999,"418766","1",E18000003,E08000034,"0426644",E05001393,E43000188,E65000001,BD194DB,BD19 4DB,BD19 4DB,E14001506,E23000010,E12000003,A1,UN1,E38000254,E30000018,"0",E33009420
"102368",,E35999999,E56000030,E99999999,E92000001,"200006",,E54000054,"19366",E08000034,53.7431716918945,E37000062,,-1.71241796016693,E01011068,E01011068,E02002273,E02002273,E40000012,E00055736,E00055736,6B2,E99999999,"419065","1",E18000003,E08000034,"0427458",E05001393,E43000188,E65000001,BD194DD,BD19 4DD,BD19 4DD,E14001506,E23000010,E12000003,A1,UN1,E38000254,E30000018,"0",E33011876
"102371",E630,E35000475,E56000030,E99999999,E92000001,"199612",,E54000054,"19366",E08000034,53.7323608398438,E37000062,,-1.71635699272156,E01011068,E01011068,E02002273,E02002273,E40000012,E00055743,E00055743,5A1,E99999999,"418810","1",E18000003,E08000034,"0426254",E05001393,E43000188,E65000001,BD194DH,BD19 4DH,BD19 4DH,E14001506,E23000010,E12000003,A1,UN1,E38000254,E30000018,"0",E33011876
"102374",E630,E35000475,E56000030,E99999999,E92000001,"198001",,E54000054,"19366",E08000034,53.7368278503418,E37000062,,-1.7162059545517,E01011068,E01011068,E02002273,E02002273,E40000012,E00055735,E00055735,6B2,E99999999,"418818","1",E18000003,E08000034,"0426751",E05001393,E43000188,E65000001,BD194DN,BD19 4DN,BD19 4DN,E14001506,E23000010,E12000003,A1,UN1,E38000254,E30000018,"0",E33009420
"102375",E630,E35000475,E56000030,E99999999,E92000001,"198001",,E54000054,"19366",E08000034,53.7373161315918,E37000062,,-1.71511101722717,E01011068,E01011068,E02002273,E02002273,E40000012,E00055735,E00055735,6B2,E99999999,"418890","1",E18000003,E08000034,"0426806",E05001393,E43000188,E65000001,BD194DP,BD19 4DP,BD19 4DP,E14001506,E23000010,E12000003,A1,UN1,E38000254,E30000018,"0",E33009420
"102376",E630,E35000475,E56000030,E99999999,E92000001,"198410",,E54000054,"19366",E08000034,53.7402992248535,E37000062,,-1.71468198299408,E01011068,E01011068,E02002273,E02002273,E40000012,E00055736,E00055736,6B2,E99999999,"418917","1",E18000003,E08000034,"0427138",E05001393,E43000188,E65000001,BD194DQ,BD19 4DQ,BD19 4DQ,E14001506,E23000010,E12000003,A1,UN1,E38000254,E30000018,"0",E33011876
"102377",E630,E35000475,E56000030,E99999999,E92000001,"198001",,E54000054,"19366",E08000034,53.7384948730469,E37000062,,-1.71545195579529,E01011068,E01011068,E02002273,E02002273,E40000012,E00055735,E00055735,6B2,E99999999,"418867","1",E18000003,E08000034,"0426937",E05001393,E43000188,E65000001,BD194DR,BD19 4DR,BD19 4DR,E14001506,E23000010,E12000003,A1,UN1,E38000254,E30000018,"0",E33009420
"102378",E630,E35000475,E56000030,E99999999,E92000001,"198001",,E54000054,"19366",E08000034,53.7387771606445,E37000062,,-1.71613204479218,E01011068,E01011068,E02002273,E02002273,E40000012,E00055781,E00055781,6B3,E99999999,"418822","1",E18000003,E08000034,"0426968",E05001393,E43000188,E65000001,BD194DS,BD19 4DS,BD19 4DS,E14001506,E23000010,E12000003,C1,UN1,E38000254,E30000018,"0",E33011876
"102379",E630,E35000475,E56000030,E99999999,E92000001,"198001",,E54000054,"19366",E08000034,53.7416954040527,E37000062,,-1.71600604057312,E01011068,E01011068,E02002273,E02002273,E40000012,E00055781,E00055781,6B3,E99999999,"418829","1",E18000003,E08000034,"0427293",E05001393,E43000188,E65000001,BD194DT,BD19 4DT,BD19 4DT,E14001506,E23000010,E12000003,C1,UN1,E38000254,E30000018,"0",E33011876
"102380",E630,E35000475,E56000030,E99999999,E92000001,"198001",,E54000054,"19366",E08000034,53.7406959533691,E37000062,,-1.71525502204895,E01011068,E01011068,E02002273,E02002273,E40000012,E00055781,E00055781,6B3,E99999999,"418879","1",E18000003,E08000034,"0427182",E05001393,E43000188,E65000001,BD194DU,BD19 4DU,BD19 4DU,E14001506,E23000010,E12000003,C1,UN1,E38000254,E30000018,"0",E33011876
"102381",E630,E35000475,E56000030,E99999999,E92000001,"198001",,E54000054,"19366",E08000034,53.7398071289062,E37000062,,-1.71529102325439,E01011068,E01011068,E02002273,E02002273,E40000012,E00055736,E00055736,6B2,E99999999,"418877","1",E18000003,E08000034,"0427083",E05001393,E43000188,E65000001,BD194DX,BD19 4DX,BD19 4DX,E14001506,E23000010,E12000003,A1,UN1,E38000254,E30000018,"0",E33011876
"102382",E630,E35000475,E56000030,E99999999,E92000001,"198001",,E54000054,"19366",E08000034,53.7380981445312,E37000062,,-1.71421098709106,E01011068,E01011068,E02002273,E02002273,E40000012,E00055736,E00055736,6B2,E99999999,"418949","1",E18000003,E08000034,"0426893",E05001393,E43000188,E65000001,BD194DY,BD19 4DY,BD19 4DY,E14001506,E23000010,E12000003,A1,UN1,E38000254,E30000018,"0",E33011876
"102383",E630,E35000475,E56000030,E99999999,E92000001,"198001",,E54000054,"19366",E08000034,53.7372856140137,E37000062,,-1.71348905563354,E01011068,E01011068,E02002273,E02002273,E40000012,E00055736,E00055736,6B2,E99999999,"418997","1",E18000003,E08000034,"0426803",E05001393,E43000188,E65000001,BD194DZ,BD19 4DZ,BD19 4DZ,E14001506,E23000010,E12000003,A1,UN1,E38000254,E30000018,"0",E33011876
"102384",E630,E35000475,E56000030,E99999999,E92000001,"198001",,E54000054,"19366",E08000034,53.736385345459,E37000062,,-1.71188795566559,E01011068,E01011068,E02002273,E02002273,E40000012,E00055741,E00055741,6B2,E99999999,"419103","1",E18000003,E08000034,"0426703",E05001393,E43000188,E65000001,BD194EA,BD19 4EA,BD19 4EA,E14001506,E23000010,E12000003,A1,UN1,E38000254,E30000018,"0",E33011876
"102385",E630,E35000475,E56000030,E99999999,E92000001,"198001",,E54000054,"19366",E08000034,53.7359924316406,E37000062,,-1.71348297595978,E01011068,E01011068,E02002273,E02002273,E40000012,E00055743,E00055743,5A1,E99999999,"418998","1",E18000003,E08000034,"0426659",E05001393,E43000188,E65000001,BD194ED,BD19 4ED,BD19 4ED,E14001506,E23000010,E12000003,A1,UN1,E38000254,E30000018,"0",E33011876
"102386",E630,E35000475,E56000030,E99999999,E92000001,"198001",,E54000054,"19366",E08000034,53.7365417480469,E37000062,,-1.71353995800018,E01011068,E01011068,E02002273,E02002273,E40000012,E00055736,E00055736,6B2,E99999999,"418994","1",E18000003,E08000034,"0426720",E05001393,E43000188,E65000001,BD194EE,BD19 4EE,BD19 4EE,E14001506,E23000010,E12000003,A1,UN1,E38000254,E30000018,"0",E33011876
"102387",E630,E35000475,E56000030,E99999999,E92000001,"198001",,E54000054,"19366",E08000034,53.735466003418,E37000062,,-1.71556305885315,E01011068,E01011068,E02002273,E02002273,E40000012,E00055736,E00055736,6B2,E99999999,"418861","1",E18000003,E08000034,"0426600",E05001393,E43000188,E65000001,BD194EF,BD19 4EF,BD19 4EF,E14001506,E23000010,E12000003,A1,UN1,E38000254,E30000018,"0",E33011876
"102388",E630,E35000475,E56000030,E99999999,E92000001,"198001",,E54000054,"19366",E08000034,53.7349815368652,E37000062,,-1.71541500091553,E01011068,E01011068,E02002273,E02002273,E40000012,E00055743,E00055743,5A1,E99999999,"418871","1",E18000003,E08000034,"0426546",E05001393,E43000188,E65000001,BD194EG,BD19 4EG,BD19 4EG,E14001506,E23000010,E12000003,A1,UN1,E38000254,E30000018,"0",E33011876
"102389",E630,E35000475,E56000030,E99999999,E92000001,"198001",,E54000054,"17666",E08000034,53.7324371337891,E37000062,,-1.71922194957733,E01011062,E01011062,E02002273,E02002273,E40000012,E00055782,E00178673,5A1,E99999999,"418621","1",E18000003,E08000034,"0426262",E05001393,E43000188,E65000001,BD194EJ,BD19 4EJ,BD19 4EJ,E14001506,E23000010,E12000003,A1,UN1,E38000254,E30000018,"0",E33009426
"102390",E630,E35000475,E56000030,E99999999,E92000001,"198001",,E54000054,"17666",E08000034,53.7322959899902,E37000062,,-1.71988904476166,E01011062,E01011062,E02002273,E02002273,E40000012,E00055782,E00178673,5A1,E99999999,"418577","1",E18000003,E08000034,"0426246",E05001393,E43000188,E65000001,BD194EL,BD19 4EL,BD19 4EL,E14001506,E23000010,E12000003,A1,UN1,E38000254,E30000018,"0",E33009426
"102391",E630,E35000475,E56000030,E99999999,E92000001,"198001",,E54000054,"17666",E08000034,53.7322044372559,E37000062,,-1.71979904174805,E01011062,E01011062,E02002273,E02002273,E40000012,E00055782,E00178673,5A1,E99999999,"418583","1",E18000003,E08000034,"0426236",E05001393,E43000188,E65000001,BD194EN,BD19 4EN,BD19 4EN,E14001506,E23000010,E12000003,A1,UN1,E38000254,E30000018,"0",E33009426
"102392",E630,E35000475,E56000030,E99999999,E92000001,"198001",,E54000054,"19366",E08000034,53.7316055297852,E37000062,,-1.71282994747162,E01011068,E01011068,E02002273,E02002273,E40000012,E00055743,E00055743,5A1,E99999999,"419043","1",E18000003,E08000034,"0426171",E05001393,E43000188,E65000001,BD194EP,BD19 4EP,BD19 4EP,E14001506,E23000010,E12000003,A1,UN1,E38000254,E30000018,"0",E33011876
"102393",E630,E35000475,E56000030,E99999999,E92000001,"198001",,E54000054,"19366",E08000034,53.7373008728027,E37000062,,-1.71629405021667,E01011068,E01011068,E02002273,E02002273,E40000012,E00055735,E00055735,6B2,E99999999,"418812","1",E18000003,E08000034,"0426804",E05001393,E43000188,E65000001,BD194EQ,BD19 4EQ,BD19 4EQ,E14001506,E23000010,E12000003,A1,UN1,E38000254,E30000018,"0",E33009420
"102394",E630,E35000475,E56000030,E99999999,E92000001,"198001",,E54000054,"19366",E08000034,53.7319564819336,E37000062,,-1.7128130197525,E01011068,E01011068,E02002273,E02002273,E40000012,E00055741,E00055741,6B2,E99999999,"419044","1",E18000003,E08000034,"0426210",E05001393,E43000188,E65000001,BD194ER,BD19 4ER,BD19 4ER,E14001506,E23000010,E12000003,A1,UN1,E38000254,E30000018,"0",E33011876
"102395",E630,E35000475,E56000030,E99999999,E92000001,"198001",,E54000054,"19366",E08000034,53.732349395752,E37000062,,-1.71171903610229,E01011068,E01011068,E02002273,E02002273,E40000012,E00055741,E00055741,6B2,E99999999,"419116","1",E18000003,E08000034,"0426254",E05001393,E43000188,E65000001,BD194ES,BD19 4ES,BD19 4ES,E14001506,E23000010,E12000003,A1,UN1,E38000254,E30000018,"0",E33011876
"102398",E630,E35000475,E56000030,E99999999,E92000001,"198001",,E54000054,"19366",E08000034,53.7307968139648,E37000062,,-1.71347296237946,E01011068,E01011068,E02002273,E02002273,E40000012,E00055743,E00055743,5A1,E99999999,"419001","1",E18000003,E08000034,"0426081",E05001393,E43000188,E65000001,BD194EW,BD19 4EW,BD19 4EW,E14001506,E23000010,E12000003,A1,UN1,E38000254,E30000018,"0",E33011876
"102400",E630,E35000475,E56000030,E99999999,E92000001,"199501",,E54000054,"19366",E08000034,53.7314376831055,E37000062,,-1.71390795707703,E01011068,E01011068,E02002273,E02002273,E40000012,E00055743,E00055743,5A1,E99999999,"418972","1",E18000003,E08000034,"0426152",E05001393,E43000188,E65000001,BD194EY,BD19 4EY,BD19 4EY,E14001506,E23000010,E12000003,A1,UN1,E38000254,E30000018,"0",E33011876
"102453",E630,E35000475,E56000030,E99999999,E92000001,"200809",,E54000054,"19366",E08000034,53.7352027893066,E37000062,,-1.7183690071106,E01011068,E01011068,E02002273,E02002273,E40000012,E00055735,E00055735,6B2,E99999999,"418676","1",E18000003,E08000034,"0426570",E05001393,E43000188,E65000001,BD194LN,BD19 4LN,BD19 4LN,E14001506,E23000010,E12000003,A1,UN1,E38000254,E30000018,"0",E33009420
"102553",E630,E35000475,E56000030,E99999999,E92000001,"199712",,E54000054,"19366",E08000034,53.7376976013184,E37000062,,-1.71967196464539,E01011068,E01011068,E02002273,E02002273,E40000012,E00055735,E00055735,6B2,E99999999,"418589","1",E18000003,E08000034,"0426847",E05001393,E43000188,E65000001,BD194TE,BD19 4TE,BD19 4TE,E14001506,E23000010,E12000003,A1,UN1,E38000254,E30000018,"0",E33009420
"102560",E630,E35000475,E56000030,E99999999,E92000001,"199706",,E54000054,"19366",E08000034,53.7377662658691,E37000062,,-1.71883702278137,E01011068,E01011068,E02002273,E02002273,E40000012,E00055735,E00055735,6B2,E99999999,"418644","1",E18000003,E08000034,"0426855",E05001393,E43000188,E65000001,BD194TQ,BD19 4TQ,BD19 4TQ,E14001506,E23000010,E12000003,A1,UN1,E38000254,E30000018,"0",E33009420
"102562",E630,E35000475,E56000030,E99999999,E92000001,"199507",,E54000054,"19366",E08000034,53.7379455566406,E37000062,,-1.72159504890442,E01011068,E01011068,E02002273,E02002273,E40000012,E00055735,E00055735,6B2,E99999999,"418462","1",E18000003,E08000034,"0426874",E05001393,E43000188,E65000001,BD194TS,BD19 4TS,BD19 4TS,E14001506,E23000010,E12000003,A1,UN1,E38000254,E30000018,"0",E33009421
"102563",E630,E35000475,E56000030,E99999999,E92000001,"199512",,E54000054,"19366",E08000034,53.738842010498,E37000062,,-1.72089195251465,E01011068,E01011068,E02002273,E02002273,E40000012,E00055735,E00055735,6B2,E99999999,"418508","1",E18000003,E08000034,"0426974",E05001393,E43000188,E65000001,BD194TT,BD19 4TT,BD19 4TT,E14001506,E23000010,E12000003,A1,UN1,E38000254,E30000018,"0",E33009421
"102567",E630,E35000475,E56000030,E99999999,E92000001,"199612",,E54000054,"19366",E08000034,53.7377243041992,E37000062,,-1.72312796115875,E01011068,E01011068,E02002273,E02002273,E40000012,E00055735,E00055735,6B2,E99999999,"418361","1",E18000003,E08000034,"0426849",E05001393,E43000188,E65000001,BD194TY,BD19 4TY,BD19 4TY,E14001506,E23000010,E12000003,A1,UN1,E38000254,E30000018,"0",E33009421
"102568",E630,E35000475,E56000030,E99999999,E92000001,"199612",,E54000054,"19366",E08000034,53.7383422851562,E37000062,,-1.71968305110931,E01011068,E01011068,E02002273,E02002273,E40000012,E00055735,E00055735,6B2,E99999999,"418588","1",E18000003,E08000034,"0426919",E05001393,E43000188,E65000001,BD194TZ,BD19 4TZ,BD19 4TZ,E14001506,E23000010,E12000003,A1,UN1,E38000254,E30000018,"1",E33009421
"102689",E630,E35001211,E56000030,E99999999,E92000001,"201210",,E54000054,"6696",E08000034,53.7289047241211,E37000062,,-1.75552999973297,E01011064,E01011064,E02002273,E02002273,E40000012,E00055749,E00055749,7C2,E99999999,"416227","1",E18000003,E08000034,"0425860",E05001393,E43000188,E65000001,BD196AN,BD19 6AN,BD19 6AN,E14001506,E23000010,E12000003,A1,UN1,E38000254,E30000018,"0",E33011875
"102692",E630,E35001211,E56000030,E99999999,E92000001,"201209",,E54000054,"6696",E08000034,53.7288093566895,E37000062,,-1.75688004493713,E01011064,E01011064,E02002273,E02002273,E40000012,E00055749,E00055749,7C2,E99999999,"416138","1",E18000003,E08000034,"0425849",E05001393,E43000188,E65000001,BD196AS,BD19 6AS,BD19 6AS,E14001506,E23000010,E12000003,A1,UN1,E38000254,E30000018,"0",E33011875
"102693",E630,E35001211,E56000030,E99999999,E92000001,"201210",,E54000054,"19870",E08000034,53.7293281555176,E37000062,,-1.75683200359344,E01011069,E01011069,E02002273,E02002273,E40000012,E00055750,E00055750,8A1,E99999999,"416141","1",E18000003,E08000034,"0425907",E05001393,E43000188,E65000001,BD196AT,BD19 6AT,BD19 6AT,E14001506,E23000010,E12000003,A1,UN1,E38000254,E30000018,"0",E33011875
"102696",E630,E35001211,E56000030,E99999999,E92000001,"201310",,E54000054,"6696",E08000034,53.7293586730957,E37000062,,-1.75019299983978,E01011064,E01011064,E02002273,E02002273,E40000012,E00055740,E00055740,8C1,E99999999,"416579","1",E18000003,E08000034,"0425912",E05001393,E43000188,E65000001,BD196AX,BD19 6AX,BD19 6AX,E14001506,E23000010,E12000003,A1,UN1,E38000254,E30000018,"0",E33011875
"102698",E630,E35999999,E56000030,E99999999,E92000001,"202301",,E54000054,"17666",E08000034,53.7292938232422,E37000062,,-1.73112499713898,E01011062,E01011062,E02002273,E02002273,E40000012,E00055782,E00178673,5A1,E99999999,"417837","1",E18000003,E08000034,"0425909",E05001393,E43000188,E65000001,BD196BA,BD19 6BA,BD19 6BA,E14001506,E23000010,E12000003,A1,UN1,E38000254,E30000018,"0",E33009425
"102699",E630,E35999999,E56000030,E99999999,E92000001,"202308",,E54000054,"17666",E08000034,53.7292137145996,E37000062,,-1.7314590215683,E01011062,E01011062,E02002273,E02002273,E40000012,E00055782,E00178673,5A1,E99999999,"417815","1",E18000003,E08000034,"0425900",E05001393,E43000188,E65000001,BD196BB,BD19 6BB,BD19 6BB,E14001506,E23000010,E12000003,A1,UN1,E38000254,E30000018,"0",E33009425
"102700",,E35999999,E56000030,E99999999,E92000001,"202402",,E54000054,"17666",E08000034,53.7309341430664,E37000062,,-1.73005402088165,E01011062,E01011062,E02002273,E02002273,E40000012,E00055782,E00178673,5A1,E99999999,"417907","1",E18000003,E08000034,"0426092",E05001393,E43000188,E65000001,BD196BD,BD19 6BD,BD19 6BD,E14001506,E23000010,E12000003,A1,UN1,E38000254,E30000018,"0",E33009425
"102701",,,E56000030,E99999999,E92000001,"202412",,E54000054,"17666",E08000034,53.7295417785645,E37000062,,-1.72988104820251,E01011062,E01011062,E02002273,E02002273,E40000012,E00055782,E00178673,5A1,E99999999,"417919","1",E18000003,E08000034,"0425937",E05001393,E43000188,E65000001,BD196BE,BD19 6BE,BD19 6BE,E14001506,E23000010,E12000003,A1,UN1,E38000254,E30000018,"0",E33009425
"102702",E630,E35001211,E56000030,E99999999,E92000001,"198001",,E54000054,"17666",E08000034,53.7415199279785,E37000062,,-1.73291301727295,E01011062,E01011062,E02002273,E02002273,E40000012,E00055742,E00055742,1B2,E99999999,"417714","1",E18000003,E08000034,"0427269",E05001393,E43000188,E65000001,BD196BU,BD19 6BU,BD19 6BU,E14001506,E23000010,E12000003,A1,UN1,E38000254,E30000018,"0",E33011874
"102703",,E35999999,E56000030,E99999999,E92000001,"199812",,E54000054,"17666",E08000034,53.73974609375,E37000062,,-1.731605052948,E01011062,E01011062,E02002273,E02002273,E40000012,E00055742,E00055742,1B2,E99999999,"417801","1",E18000003,E08000034,"0427072",E05001393,E43000188,E65000001,BD196BW,BD19 6BW,BD19 6BW,E14001506,E23000010,E12000003,A1,UN1,E38000254,E30000018,"0",E33011874
"102704",E630,E35001211,E56000030,E99999999,E92000001,"198001",,E54000054,"19870",E08000034,53.7298927307129,E37000062,,-1.75028002262115,E01011069,E01011069,E02002273,E02002273,E40000012,E00055750,E00055750,8A1,E99999999,"416573","1",E18000003,E08000034,"0425971",E05001393,E43000188,E65000001,BD196DA,BD19 6DA,BD19 6DA,E14001506,E23000010,E12000003,A1,UN1,E38000254,E30000018,"0",E33011875
"102705",E630,E35001211,E56000030,E99999999,E92000001,"198001",,E54000054,"6696",E08000034,53.7297134399414,E37000062,,-1.75109994411469,E01011064,E01011064,E02002273,E02002273,E40000012,E00055740,E00055740,8C1,E99999999,"416519","1",E18000003,E08000034,"0425951",E05001393,E43000188,E65000001,BD196DB,BD19 6DB,BD19 6DB,E14001506,E23000010,E12000003,A1,UN1,E38000254,E30000018,"0",E33011875
"102706",E630,E35001211,E56000030,E99999999,E92000001,"198001",,E54000054,"6696",E08000034,53.7286491394043,E37000062,,-1.7503479719162,E01011064,E01011064,E02002273,E02002273,E40000012,E00055740,E00055740,8C1,E99999999,"416569","1",E18000003,E08000034,"0425833",E05001393,E43000188,E65000001,BD196DD,BD19 6DD,BD19 6DD,E14001506,E23000010,E12000003,A1,UN1,E38000254,E30000018,"0",E33011875
"102707",E630,E35001211,E56000030,E99999999,E92000001,"198001",,E54000054,"6696",E08000034,53.729320526123,E37000062,,-1.75204205513,E01011064,E01011064,E02002273,E02002273,E40000012,E00055754,E00055754,8C3,E99999999,"416457","1",E18000003,E08000034,"0425907",E05001393,E43000188,E65000001,BD196DE,BD19 6DE,BD19 6DE,E14001506,E23000010,E12000003,A1,UN1,E38000254,E30000018,"0",E33011875
"102708",E630,E35001211,E56000030,E99999999,E92000001,"198001",,E54000054,"6696",E08000034,53.728157043457,E37000062,,-1.75103294849396,E01011064,E01011064,E02002273,E02002273,E40000012,E00055754,E00055754,8C3,E99999999,"416524","1",E18000003,E08000034,"0425778",E05001393,E43000188,E65000001,BD196DF,BD19 6DF,BD19 6DF,E14001506,E23000010,E12000003,A1,UN1,E38000254,E30000018,"0",E33011875
"102709",E630,E35001211,E56000030,E99999999,E92000001,"198001",,E54000054,"6696",E08000034,53.7286186218262,E37000062,,-1.75236403942108,E01011064,E01011064,E02002273,E02002273,E40000012,E00055754,E00055754,8C3,E99999999,"416436","1",E18000003,E08000034,"0425829",E05001393,E43000188,E65000001,BD196DG,BD19 6DG,BD19 6DG,E14001506,E23000010,E12000003,A1,UN1,E38000254,E30000018,"0",E33011875
"102710",E630,E35001211,E56000030,E99999999,E92000001,"198001",,E54000054,"6696",E08000034,53.7282905578613,E37000062,,-1.75421500205994,E01011064,E01011064,E02002273,E02002273,E40000012,E00055749,E00055749,7C2,E99999999,"416314","1",E18000003,E08000034,"0425792",E05001393,E43000188,E65000001,BD196DH,BD19 6DH,BD19 6DH,E14001506,E23000010,E12000003,A1,UN1,E38000254,E30000018,"0",E33011875
"102711",E630,E35001211,E56000030,E99999999,E92000001,"198001",,E54000054,"6696",E08000034,53.728343963623,E37000062,,-1.7546089887619,E01011064,E01011064,E02002273,E02002273,E40000012,E00055749,E00055749,7C2,E99999999,"416288","1",E18000003,E08000034,"0425798",E05001393,E43000188,E65000001,BD196DJ,BD19 6DJ,BD19 6DJ,E14001506,E23000010,E12000003,A1,UN1,E38000254,E30000018,"0",E33011875
"102712",E630,E35001211,E56000030,E99999999,E92000001,"198001",,E54000054,"6696",E08000034,53.7283554077148,E37000062,,-1.75501799583435,E01011064,E01011064,E02002273,E02002273,E40000012,E00055749,E00055749,7C2,E99999999,"416261","1",E18000003,E08000034,"0425799",E05001393,E43000188,E65000001,BD196DL,BD19 6DL,BD19 6DL,E14001506,E23000010,E12000003,A1,UN1,E38000254,E30000018,"0",E33011875
"102713",E630,E35001211,E56000030,E99999999,E92000001,"198001",,E54000054,"19870",E08000034,53.7297019958496,E37000062,,-1.75429797172546,E01011069,E01011069,E02002273,E02002273,E40000012,E00055750,E00055750,8A1,E99999999,"416308","1",E18000003,E08000034,"0425949",E05001393,E43000188,E65000001,BD196DN,BD19 6DN,BD19 6DN,E14001506,E23000010,E12000003,A1,UN1,E38000254,E30000018,"0",E33011875
"102714",E630,E35001211,E56000030,E99999999,E92000001,"198001",,E54000054,"19870",E08000034,53.7295989990234,E37000062,,-1.75228297710419,E01011069,E01011069,E02002273,E02002273,E40000012,E00055750,E00055750,8A1,E99999999,"416441","1",E18000003,E08000034,"0425938",E05001393,E43000188,E65000001,BD196DP,BD19 6DP,BD19 6DP,E14001506,E23000010,E12000003,A1,UN1,E38000254,E30000018,"0",E33011875
"102715",E630,E35001211,E56000030,E99999999,E92000001,"198001",,E54000054,"6696",E08000034,53.7279815673828,E37000062,,-1.75279200077057,E01011064,E01011064,E02002273,E02002273,E40000012,E00055754,E00055754,8C3,E99999999,"416408","1",E18000003,E08000034,"0425758",E05001393,E43000188,E65000001,BD196DQ,BD19 6DQ,BD19 6DQ,E14001506,E23000010,E12000003,A1,UN1,E38000254,E30000018,"0",E33011875
"102716",E630,E35001211,E56000030,E99999999,E92000001,"198001",,E54000054,"19870",E08000034,53.731128692627,E37000062,,-1.75410795211792,E01011069,E01011069,E02002273,E02002273,E40000012,E00055746,E00055746,6B3,E99999999,"416320","1",E18000003,E08000034,"0426108",E05001393,E43000188,E65000001,BD196DR,BD19 6DR,BD19 6DR,E14001506,E23000010,E12000003,A1,UN1,E38000254,E30000018,"0",E33011875
"102717",E630,E35001211,E56000030,E99999999,E92000001,"198001",,E54000054,"19870",E08000034,53.7309112548828,E37000062,,-1.75360894203186,E01011069,E01011069,E02002273,E02002273,E40000012,E00055750,E00055750,8A1,E99999999,"416353","1",E18000003,E08000034,"0426084",E05001393,E43000188,E65000001,BD196DS,BD19 6DS,BD19 6DS,E14001506,E23000010,E12000003,A1,UN1,E38000254,E30000018,"0",E33011875
"102718",E630,E35001211,E56000030,E99999999,E92000001,"198001",,E54000054,"19870",E08000034,53.7324867248535,E37000062,,-1.75437295436859,E01011069,E01011069,E02002273,E02002273,E40000012,E00055746,E00055746,6B3,E99999999,"416302","1",E18000003,E08000034,"0426259",E05001393,E43000188,E65000001,BD196DT,BD19 6DT,BD19 6DT,E14001506,E23000010,E12000003,A1,UN1,E38000254,E30000018,"0",E33011875
"102719",E630,E35001211,E56000030,E99999999,E92000001,"198001",,E54000054,"19870",E08000034,53.7316131591797,E37000062,,-1.75352895259857,E01011069,E01011069,E02002273,E02002273,E40000012,E00055746,E00055746,6B3,E99999999,"416358","1",E18000003,E08000034,"0426162",E05001393,E43000188,E65000001,BD196DU,BD19 6DU,BD19 6DU,E14001506,E23000010,E12000003,A1,UN1,E38000254,E30000018,"0",E33011875
"102720",E630,E35001211,E56000030,E99999999,E92000001,"198001",,E54000054,"19870",E08000034,53.730712890625,E37000062,,-1.75230705738068,E01011069,E01011069,E02002273,E02002273,E40000012,E00055750,E00055750,8A1,E99999999,"416439","1",E18000003,E08000034,"0426062",E05001393,E43000188,E65000001,BD196DX,BD19 6DX,BD19 6DX,E14001506,E23000010,E12000003,A1,UN1,E38000254,E30000018,"0",E33011875
"102721",E630,E35001211,E56000030,E99999999,E92000001,"198001",,E54000054,"19870",E08000034,53.730655670166,E37000062,,-1.75033700466156,E01011069,E01011069,E02002273,E02002273,E40000012,E00055750,E00055750,8A1,E99999999,"416569","1",E18000003,E08000034,"0426056",E05001393,E43000188,E65000001,BD196DY,BD19 6DY,BD19 6DY,E14001506,E23000010,E12000003,A1,UN1,E38000254,E30000018,"0",E33011875
"102722",E630,E35001211,E56000030,E99999999,E92000001,"198001",,E54000054,"19870",E08000034,53.730396270752,E37000062,,-1.75185394287109,E01011069,E01011069,E02002273,E02002273,E40000012,E00055750,E00055750,8A1,E99999999,"416469","1",E18000003,E08000034,"0426027",E05001393,E43000188,E65000001,BD196DZ,BD19 6DZ,BD19 6DZ,E14001506,E23000010,E12000003,A1,UN1,E38000254,E30000018,"0",E33011875
"102723",E630,E35001211,E56000030,E99999999,E92000001,"198001",,E54000054,"19870",E08000034,53.7305297851562,E37000062,,-1.7514740228653,E01011069,E01011069,E02002273,E02002273,E40000012,E00055750,E00055750,8A1,E99999999,"416494","1",E18000003,E08000034,"0426042",E05001393,E43000188,E65000001,BD196EA,BD19 6EA,BD19 6EA,E14001506,E23000010,E12000003,A1,UN1,E38000254,E30000018,"0",E33011875
"102724",E630,E35001211,E56000030,E99999999,E92000001,"200301",,E54000054,"19870",E08000034,53.7310791015625,E37000062,,-1.75169801712036,E01011069,E01011069,E02002273,E02002273,E40000012,E00055750,E00055750,8A1,E99999999,"416479","1",E18000003,E08000034,"0426103",E05001393,E43000188,E65000001,BD196EB,BD19 6EB,BD19 6EB,E14001506,E23000010,E12000003,A1,UN1,E38000254,E30000018,"0",E33011875
"102725",E630,E35001211,E56000030,E99999999,E92000001,"198001",,E54000054,"19870",E08000034,53.7302322387695,E37000062,,-1.75085401535034,E01011069,E01011069,E02002273,E02002273,E40000012,E00055750,E00055750,8A1,E99999999,"416535","1",E18000003,E08000034,"0426009",E05001393,E43000188,E65000001,BD196ED,BD19 6ED,BD19 6ED,E14001506,E23000010,E12000003,A1,UN1,E38000254,E30000018,"0",E33011875
"102726",E630,E35001211,E56000030,E99999999,E92000001,"198001",,E54000054,"19870",E08000034,53.7309799194336,E37000062,,-1.75050103664398,E01011069,E01011069,E02002273,E02002273,E40000012,E00055750,E00055750,8A1,E99999999,"416558","1",E18000003,E08000034,"0426092",E05001393,E43000188,E65000001,BD196EE,BD19 6EE,BD19 6EE,E14001506,E23000010,E12000003,A1,UN1,E38000254,E30000018,"0",E33011875
"102727",E630,E35001211,E56000030,E99999999,E92000001,"198001",,E54000054,"19870",E08000034,53.7302322387695,E37000062,,-1.7507940530777,E01011069,E01011069,E02002273,E02002273,E40000012,E00055750,E00055750,8A1,E99999999,"416539","1",E18000003,E08000034,"0426009",E05001393,E43000188,E65000001,BD196EG,BD19 6EG,BD19 6EG,E14001506,E23000010,E12000003,A1,UN1,E38000254,E30000018,"0",E33011875
"102728",E630,E35001211,E56000030,E99999999,E92000001,"198001",,E54000054,"19870",E08000034,53.7304801940918,E37000062,,-1.74915504455566,E01011069,E01011069,E02002273,E02002273,E40000012,E00055747,E00055747,8A1,E99999999,"416647","1",E18000003,E08000034,"0426037",E05001393,E43000188,E65000001,BD196EH,BD19 6EH,BD19 6EH,E14001506,E23000010,E12000003,A1,UN1,E38000254,E30000018,"0",E33011874
"102729",E630,E35001211,E56000030,E99999999,E92000001,"198001",,E54000054,"19870",E08000034,53.7302742004395,E37000062,,-1.74947500228882,E01011069,E01011069,E02002273,E02002273,E40000012,E00055750,E00055750,8A1,E99999999,"416626","1",E18000003,E08000034,"0426014",E05001393,E43000188,E65000001,BD196EJ,BD19 6EJ,BD19 6EJ,E14001506,E23000010,E12000003,A1,UN1,E38000254,E30000018,"0",E33011875
"102730",E630,E35001211,E56000030,E99999999,E92000001,"198001",,E54000054,"6696",E08000034,53.7300605773926,E37000062,,-1.74935495853424,E01011064,E01011064,E02002273,E02002273,E40000012,E00055740,E00055740,8C1,E99999999,"416634","1",E18000003,E08000034,"0425990",E05001393,E43000188,E65000001,BD196EL,BD19 6EL,BD19 6EL,E14001506,E23000010,E12000003,A1,UN1,E38000254,E30000018,"0",E33011875
"102731",E630,E35001211,E56000030,E99999999,E92000001,"198001",,E54000054,"19870",E08000034,53.7299423217773,E37000062,,-1.74980998039246,E01011069,E01011069,E02002273,E02002273,E40000012,E00055750,E00055750,8A1,E99999999,"416604","1",E18000003,E08000034,"0425977",E05001393,E43000188,E65000001,BD196EN,BD19 6EN,BD19 6EN,E14001506,E23000010,E12000003,A1,UN1,E38000254,E30000018,"0",E33011875
"102732",E630,E35001211,E56000030,E99999999,E92000001,"200912",,E54000054,"17666",E08000034,53.7295761108398,E37000062,,-1.7469630241394,E01011062,E01011062,E02002273,E02002273,E40000012,E00055742,E00055742,1B2,E99999999,"416792","1",E18000003,E08000034,"0425937",E05001393,E43000188,E65000001,BD196EP,BD19 6EP,BD19 6EP,E14001506,E23000010,E12000003,A1,UN1,E38000254,E30000018,"0",E33011874
"102733",E630,E35001211,E56000030,E99999999,E92000001,"198001",,E54000054,"19870",E08000034,53.7303237915039,E37000062,,-1.75000500679016,E01011069,E01011069,E02002273,E02002273,E40000012,E00055750,E00055750,8A1,E99999999,"416591","1",E18000003,E08000034,"0426019",E05001393,E43000188,E65000001,BD196EQ,BD19 6EQ,BD19 6EQ,E14001506,E23000010,E12000003,A1,UN1,E38000254,E30000018,"0",E33011875
"102734",E630,E35001211,E56000030,E99999999,E92000001,"198001",,E54000054,"19870",E08000034,53.730167388916,E37000062,,-1.7484450340271,E01011069,E01011069,E02002273,E02002273,E40000012,E00055747,E00055747,8A1,E99999999,"416694","1",E18000003,E08000034,"0426002",E05001393,E43000188,E65000001,BD196ER,BD19 6ER,BD19 6ER,E14001506,E23000010,E12000003,A1,UN1,E38000254,E30000018,"0",E33011874
"102735",E630,E35001211,E56000030,E99999999,E92000001,"198001",,E54000054,"17666",E08000034,53.7294731140137,E37000062,,-1.74829697608948,E01011062,E01011062,E02002273,E02002273,E40000012,E00055742,E00055742,1B2,E99999999,"416704","1",E18000003,E08000034,"0425925",E05001393,E43000188,E65000001,BD196ES,BD19 6ES,BD19 6ES,E14001506,E23000010,E12000003,A1,UN1,E38000254,E30000018,"0",E33011874
"102736",E630,E35001211,E56000030,E99999999,E92000001,"198001",,E54000054,"17666",E08000034,53.7291488647461,E37000062,,-1.74710202217102,E01011062,E01011062,E02002273,E02002273,E40000012,E00055742,E00055742,1B2,E99999999,"416783","1",E18000003,E08000034,"0425889",E05001393,E43000188,E65000001,BD196ET,BD19 6ET,BD19 6ET,E14001506,E23000010,E12000003,A1,UN1,E38000254,E30000018,"0",E33011874
"102737",E630,E35001211,E56000030,E99999999,E92000001,"198001",,E54000054,"17666",E08000034,53.7285346984863,E37000062,,-1.74674201011658,E01011062,E01011062,E02002273,E02002273,E40000012,E00055742,E00055742,1B2,E99999999,"416807","1",E18000003,E08000034,"0425821",E05001393,E43000188,E65000001,BD196EU,BD19 6EU,BD19 6EU,E14001506,E23000010,E12000003,A1,UN1,E38000254,E30000018,"0",E33011874
"102738",E630,E35001211,E56000030,E99999999,E92000001,"198001",,E54000054,"6696",E08000034,53.729850769043,E37000062,,-1.74864399433136,E01011064,E01011064,E02002273,E02002273,E40000012,E00055740,E00055740,8C1,E99999999,"416681","1",E18000003,E08000034,"0425967",E05001393,E43000188,E65000001,BD196EW,BD19 6EW,BD19 6EW,E14001506,E23000010,E12000003,A1,UN1,E38000254,E30000018,"0",E33011875
"102739",E630,E35001211,E56000030,E99999999,E92000001,"198001",,E54000054,"17666",E08000034,53.7289047241211,E37000062,,-1.74640595912933,E01011062,E01011062,E02002273,E02002273,E40000012,E00055742,E00055742,1B2,E99999999,"416829","1",E18000003,E08000034,"0425862",E05001393,E43000188,E65000001,BD196EX,BD19 6EX,BD19 6EX,E14001506,E23000010,E12000003,A1,UN1,E38000254,E30000018,"0",E33011874
"102740",E630,E35001211,E56000030,E99999999,E92000001,"198001",,E54000054,"17666",E08000034,53.7284774780273,E37000062,,-1.74528694152832,E01011062,E01011062,E02002273,E02002273,E40000012,E00055742,E00055742,1B2,E99999999,"416903","1",E18000003,E08000034,"0425815",E05001393,E43000188,E65000001,BD196EY,BD19 6EY,BD19 6EY,E14001506,E23000010,E12000003,A1,UN1,E38000254,E30000018,"0",E33011874
"102741",E630,E35001211,E56000030,E99999999,E92000001,"198001",,E54000054,"17666",E08000034,53.7297210693359,E37000062,,-1.74615895748138,E01011062,E01011062,E02002273,E02002273,E40000012,E00055742,E00055742,1B2,E99999999,"416845","1",E18000003,E08000034,"0425953",E05001393,E43000188,E65000001,BD196EZ,BD19 6EZ,BD19 6EZ,E14001506,E23000010,E12000003,A1,UN1,E38000254,E30000018,"0",E33011874
"102742",E630,E35001211,E56000030,E99999999,E92000001,"198504",,E54000054,"19870",E08000034,53.7308502197266,E37000062,,-1.74963796138763,E01011069,E01011069,E02002273,E02002273,E40000012,E00055747,E00055747,8A1,E99999999,"416615","1",E18000003,E08000034,"0426078",E05001393,E43000188,E65000001,BD196HA,BD19 6HA,BD19 6HA,E14001506,E23000010,E12000003,A1,UN1,E38000254,E30000018,"0",E33011874
"102743",E630,E35001211,E56000030,E99999999,E92000001,"198504",,E54000054,"19870",E08000034,53.7315483093262,E37000062,,-1.7524379491806,E01011069,E01011069,E02002273,E02002273,E40000012,E00055746,E00055746,6B3,E99999999,"416430","1",E18000003,E08000034,"0426155",E05001393,E43000188,E65000001,BD196HB,BD19 6HB,BD19 6HB,E14001506,E23000010,E12000003,A1,UN1,E38000254,E30000018,"0",E33011875
"102744",E630,E35001211,E56000030,E99999999,E92000001,"198001",,E54000054,"19870",E08000034,53.7301902770996,E37000062,,-1.74759602546692,E01011069,E01011069,E02002273,E02002273,E40000012,E00055747,E00055747,8A1,E99999999,"416750","1",E18000003,E08000034,"0426005",E05001393,E43000188,E65000001,BD196HD,BD19 6HD,BD19 6HD,E14001506,E23000010,E12000003,A1,UN1,E38000254,E30000018,"0",E33011874
"102745",E630,E35001211,E56000030,E99999999,E92000001,"198106",,E54000054,"17666",E08000034,53.7286911010742,E37000062,,-1.74758994579315,E01011062,E01011062,E02002273,E02002273,E40000012,E00055742,E00055742,1B2,E99999999,"416751","1",E18000003,E08000034,"0425838",E05001393,E43000188,E65000001,BD196HE,BD19 6HE,BD19 6HE,E14001506,E23000010,E12000003,A1,UN1,E38000254,E30000018,"0",E33011874
"102746",E630,E35000475,E56000030,E99999999,E92000001,"199101",,E54000054,"19366",E08000034,53.7366600036621,E37000062,,-1.72170996665955,E01011068,E01011068,E02002273,E02002273,E40000012,E00055735,E00055735,6B2,E99999999,"418455","1",E18000003,E08000034,"0426731",E05001393,E43000188,E65000001,BD196HG,BD19 6HG,BD19 6HG,E14001506,E23000010,E12000003,A1,UN1,E38000254,E30000018,"0",E33009421
"102747",E630,E35001211,E56000030,E99999999,E92000001,"198001",,E54000054,"19870",E08000034,53.7304039001465,E37000062,,-1.74536597728729,E01011069,E01011069,E02002273,E02002273,E40000012,E00055747,E00055747,8A1,E99999999,"416897","1",E18000003,E08000034,"0426029",E05001393,E43000188,E65000001,BD196HH,BD19 6HH,BD19 6HH,E14001506,E23000010,E12000003,A1,UN1,E38000254,E30000018,"0",E33011874
"102748",E630,E35001211,E56000030,E99999999,E92000001,"198001",,E54000054,"17666",E08000034,53.7298431396484,E37000062,,-1.74473297595978,E01011062,E01011062,E02002273,E02002273,E40000012,E00055742,E00055742,1B2,E99999999,"416939","1",E18000003,E08000034,"0425967",E05001393,E43000188,E65000001,BD196HJ,BD19 6HJ,BD19 6HJ,E14001506,E23000010,E12000003,A1,UN1,E38000254,E30000018,"0",E33011874
"102749",E630,E35001211,E56000030,E99999999,E92000001,"198001",,E54000054,"19870",E08000034,53.7308654785156,E37000062,,-1.74309003353119,E01011069,E01011069,E02002273,E02002273,E40000012,E00055747,E00055747,8A1,E99999999,"417047","1",E18000003,E08000034,"0426081",E05001393,E43000188,E65000001,BD196HL,BD19 6HL,BD19 6HL,E14001506,E23000010,E12000003,A1,UN1,E38000254,E30000018,"0",E33011874
"102750",E630,E35001211,E56000030,E99999999,E92000001,"198001",,E54000054,"17666",E08000034,53.7296485900879,E37000062,,-1.74144494533539,E01011062,E01011062,E02002273,E02002273,E40000012,E00055742,E00055742,1B2,E99999999,"417156","1",E18000003,E08000034,"0425946",E05001393,E43000188,E65000001,BD196HN,BD19 6HN,BD19 6HN,E14001506,E23000010,E12000003,A1,UN1,E38000254,E30000018,"0",E33011874
"102751",E630,E35001211,E56000030,E99999999,E92000001,"199706",,E54000054,"17666",E08000034,53.7293968200684,E37000062,,-1.73364102840424,E01011062,E01011062,E02002273,E02002273,E40000012,E00055742,E00055742,1B2,E99999999,"417671","1",E18000003,E08000034,"0425920",E05001393,E43000188,E65000001,BD196HQ,BD19 6HQ,BD19 6HQ,E14001506,E23000010,E12000003,A1,UN1,E38000254,E30000018,"0",E33011874
"102752",E630,E35000475,E56000030,E99999999,E92000001,"198001",,E54000054,"17666",E08000034,53.7298736572266,E37000062,,-1.7266960144043,E01011062,E01011062,E02002273,E02002273,E40000012,E00055782,E00178673,5A1,E99999999,"418129","1",E18000003,E08000034,"0425975",E05001393,E43000188,E65000001,BD196HR,BD19 6HR,BD19 6HR,E14001506,E23000010,E12000003,A1,UN1,E38000254,E30000018,"0",E33009425
"102756",E630,E35001211,E56000030,E99999999,E92000001,"198001",,E54000054,"17666",E08000034,53.7291221618652,E37000062,,-1.7348849773407,E01011062,E01011062,E02002273,E02002273,E40000012,E00055742,E00055742,1B2,E99999999,"417589","1",E18000003,E08000034,"0425889",E05001393,E43000188,E65000001,BD196HW,BD19 6HW,BD19 6HW,E14001506,E23000010,E12000003,A1,UN1,E38000254,E30000018,"0",E33011874
"102757",E630,E35000475,E56000030,E99999999,E92000001,"198001",,E54000054,"17666",E08000034,53.7314491271973,E37000062,,-1.72321498394012,E01011062,E01011062,E02002273,E02002273,E40000012,E00055782,E00178673,5A1,E99999999,"418358","1",E18000003,E08000034,"0426151",E05001393,E43000188,E65000001,BD196HY,BD19 6HY,BD19 6HY,E14001506,E23000010,E12000003,A1,UN1,E38000254,E30000018,"0",E33009427
"102758",E630,E35001211,E56000030,E99999999,E92000001,"198001",,E54000054,"19870",E08000034,53.7307357788086,E37000062,,-1.74593997001648,E01011069,E01011069,E02002273,E02002273,E40000012,E00055747,E00055747,8A1,E99999999,"416859","1",E18000003,E08000034,"0426066",E05001393,E43000188,E65000001,BD196JB,BD19 6JB,BD19 6JB,E14001506,E23000010,E12000003,A1,UN1,E38000254,E30000018,"0",E33011874
"102768",E630,E35001211,E56000030,E99999999,E92000001,"199201",,E54000054,"19870",E08000034,53.7299194335938,E37000062,,-1.74603605270386,E01011069,E01011069,E02002273,E02002273,E40000012,E00055747,E00055747,8A1,E99999999,"416853","1",E18000003,E08000034,"0425975",E05001393,E43000188,E65000001,BD196JQ,BD19 6JQ,BD19 6JQ,E14001506,E23000010,E12000003,A1,UN1,E38000254,E30000018,"0",E33011874
"102787",E630,E35001211,E56000030,E99999999,E92000001,"199002",,E54000054,"6696",E08000034,53.7206420898438,E37000062,,-1.75021398067474,E01011064,E01011064,E02002273,E02002273,E40000012,E00055763,E00055763,1C2,E99999999,"416581","1",E18000003,E08000034,"0424942",E05001393,E43000188,E65000001,BD196LP,BD19 6LP,BD19 6LP,E14001506,E23000010,E12000003,A1,UN1,E38000254,E30000018,"0",E33011875
"102789",E630,E35001211,E56000030,E99999999,E92000001,"198001",,E54000054,"6696",E08000034,53.7205200195312,E37000062,,-1.74750196933746,E01011064,E01011064,E02002273,E02002273,E40000012,E00055763,E00055763,1C2,E99999999,"416760","1",E18000003,E08000034,"0424929",E05001393,E43000188,E65000001,BD196LS,BD19 6LS,BD19 6LS,E14001506,E23000010,E12000003,A1,UN1,E38000254,E30000018,"0",E33011875
"102790",E630,E35001211,E56000030,E99999999,E92000001,"198001",,E54000054,"6696",E08000034,53.7210235595703,E37000062,,-1.74712002277374,E01011064,E01011064,E02002273,E02002273,E40000012,E00055763,E00055763,1C2,E99999999,"416785","1",E18000003,E08000034,"0424985",E05001393,E43000188,E65000001,BD196LT,BD19 6LT,BD19 6LT,E14001506,E23000010,E12000003,A1,UN1,E38000254,E30000018,"0",E33011875
"102791",E630,E35001211,E56000030,E99999999,E92000001,"198001",,E54000054,"6696",E08000034,53.7212219238281,E37000062,,-1.7479829788208,E01011064,E01011064,E02002273,E02002273,E40000012,E00055763,E00055763,1C2,E99999999,"416728","1",E18000003,E08000034,"0425007",E05001393,E43000188,E65000001,BD196LU,BD19 6LU,BD19 6LU,E14001506,E23000010,E12000003,A1,UN1,E38000254,E30000018,"0",E33011875
"102793",E630,E35001211,E56000030,E99999999,E92000001,"198001",,E54000054,"6696",E08000034,53.722110748291,E37000062,,-1.74796199798584,E01011064,E01011064,E02002273,E02002273,E40000012,E00055772,E00055772,6B2,E99999999,"416729","1",E18000003,E08000034,"0425106",E05001393,E43000188,E65000001,BD196LX,BD19 6LX,BD19 6LX,E14001506,E23000010,E12000003,A1,UN1,E38000254,E30000018,"0",E33011875
"102794",E630,E35001211,E56000030,E99999999,E92000001,"198001",,E54000054,"6696",E08000034,53.7243041992188,E37000062,,-1.74767601490021,E01011064,E01011064,E02002273,E02002273,E40000012,E00055763,E00055763,1C2,E99999999,"416747","1",E18000003,E08000034,"0425350",E05001393,E43000188,E65000001,BD196LY,BD19 6LY,BD19 6LY,E14001506,E23000010,E12000003,A1,UN1,E38000254,E30000018,"0",E33011875
"102795",E630,E35001211,E56000030,E99999999,E92000001,"198001",,E54000054,"6696",E08000034,53.7245597839355,E37000062,,-1.74887204170227,E01011064,E01011064,E02002273,E02002273,E40000012,E00055772,E00055772,6B2,E99999999,"416668","1",E18000003,E08000034,"0425378",E05001393,E43000188,E65000001,BD196LZ,BD19 6LZ,BD19 6LZ,E14001506,E23000010,E12000003,A1,UN1,E38000254,E30000018,"0",E33011875
"102796",E630,E35001211,E56000030,E99999999,E92000001,"198001",,E54000054,"6696",E08000034,53.7290458679199,E37000062,,-1.75008797645569,E01011064,E01011064,E02002273,E02002273,E40000012,E00055740,E00055740,8C1,E99999999,"416586","1",E18000003,E08000034,"0425877",E05001393,E43000188,E65000001,BD196NA,BD19 6NA,BD19 6NA,E14001506,E23000010,E12000003,A1,UN1,E38000254,E30000018,"0",E33011875
"102797",E630,E35001211,E56000030,E99999999,E92000001,"198001",,E54000054,"6696",E08000034,53.7286758422852,E37000062,,-1.74993896484375,E01011064,E01011064,E02002273,E02002273,E40000012,E00055740,E00055740,8C1,E99999999,"416596","1",E18000003,E08000034,"0425836",E05001393,E43000188,E65000001,BD196NB,BD19 6NB,BD19 6NB,E14001506,E23000010,E12000003,A1,UN1,E38000254,E30000018,"0",E33011875
"102799",E630,E35001211,E56000030,E99999999,E92000001,"198510",,E54000054,"6696",E08000034,53.7226448059082,E37000062,,-1.74871695041656,E01011064,E01011064,E02002273,E02002273,E40000012,E00055772,E00055772,6B2,E99999999,"416679","1",E18000003,E08000034,"0425165",E05001393,E43000188,E65000001,BD196NE,BD19 6NE,BD19 6NE,E14001506,E23000010,E12000003,A1,UN1,E38000254,E30000018,"0",E33011875
"102800",E630,E35001211,E56000030,E99999999,E92000001,"199201",,E54000054,"6696",E08000034,53.7237396240234,E37000062,,-1.74916505813599,E01011064,E01011064,E02002273,E02002273,E40000012,E00055772,E00055772,6B2,E99999999,"416649","1",E18000003,E08000034,"0425287",E05001393,E43000188,E65000001,BD196NG,BD19 6NG,BD19 6NG,E14001506,E23000010,E12000003,A1,UN1,E38000254,E30000018,"0",E33011875
"102801",E630,E35001211,E56000030,E99999999,E92000001,"198001",,E54000054,"6696",E08000034,53.7258224487305,E37000062,,-1.74840998649597,E01011064,E01011064,E02002273,E02002273,E40000012,E00055772,E00055772,6B2,E99999999,"416698","1",E18000003,E08000034,"0425519",E05001393,E43000188,E65000001,BD196NH,BD19 6NH,BD19 6NH,E14001506,E23000010,E12000003,A1,UN1,E38000254,E30000018,"0",E33011875
"102802",E630,E35001211,E56000030,E99999999,E92000001,"201305",,E54000054,"6696",E08000034,53.7256011962891,E37000062,,-1.7489720582962,E01011064,E01011064,E02002273,E02002273,E40000012,E00055772,E00055772,6B2,E99999999,"416661","1",E18000003,E08000034,"0425494",E05001393,E43000188,E65000001,BD196NL,BD19 6NL,BD19 6NL,E14001506,E23000010,E12000003,A1,UN1,E38000254,E30000018,"0",E33011875
"102803",E630,E35001211,E56000030,E99999999,E92000001,"198001",,E54000054,"6696",E08000034,53.7262229919434,E37000062,,-1.75042295455933,E01011064,E01011064,E02002273,E02002273,E40000012,E00055772,E00055772,6B2,E99999999,"416565","1",E18000003,E08000034,"0425563",E05001393,E43000188,E65000001,BD196NN,BD19 6NN,BD19 6NN,E14001506,E23000010,E12000003,A1,UN1,E38000254,E30000018,"0",E33011875
"102804",E630,E35001211,E56000030,E99999999,E92000001,"198001",,E54000054,"6696",E08000034,53.7286415100098,E37000062,,-1.74945402145386,E01011064,E01011064,E02002273,E02002273,E40000012,E00055740,E00055740,8C1,E99999999,"416628","1",E18000003,E08000034,"0425832",E05001393,E43000188,E65000001,BD196NR,BD19 6NR,BD19 6NR,E14001506,E23000010,E12000003,A1,UN1,E38000254,E30000018,"0",E33011875
"102805",E630,E35001211,E56000030,E99999999,E92000001,"198001",,E54000054,"6696",E08000034,53.727783203125,E37000062,,-1.74874699115753,E01011064,E01011064,E02002273,E02002273,E40000012,E00055740,E00055740,8C1,E99999999,"416675","1",E18000003,E08000034,"0425737",E05001393,E43000188,E65000001,BD196NS,BD19 6NS,BD19 6NS,E14001506,E23000010,E12000003,A1,UN1,E38000254,E30000018,"0",E33011875
"102806",E630,E35001211,E56000030,E99999999,E92000001,"198001",,E54000054,"6696",E08000034,53.7281799316406,E37000062,,-1.74866902828217,E01011064,E01011064,E02002273,E02002273,E40000012,E00055740,E00055740,8C1,E99999999,"416680","1",E18000003,E08000034,"0425781",E05001393,E43000188,E65000001,BD196NU,BD19 6NU,BD19 6NU,E14001506,E23000010,E12000003,A1,UN1,E38000254,E30000018,"0",E33011875
"102807",E630,E35001211,E56000030,E99999999,E92000001,"198001",,E54000054,"6696",E08000034,53.7274780273438,E37000062,,-1.74839997291565,E01011064,E01011064,E02002273,E02002273,E40000012,E00055740,E00055740,8C1,E99999999,"416698","1",E18000003,E08000034,"0425703",E05001393,E43000188,E65000001,BD196NW,BD19 6NW,BD19 6NW,E14001506,E23000010,E12000003,A1,UN1,E38000254,E30000018,"0",E33011875
"102808",E630,E35001211,E56000030,E99999999,E92000001,"198001",,E54000054,"17666",E08000034,53.7283401489258,E37000062,,-1.74760699272156,E01011062,E01011062,E02002273,E02002273,E40000012,E00055742,E00055742,1B2,E99999999,"416750","1",E18000003,E08000034,"0425799",E05001393,E43000188,E65000001,BD196NX,BD19 6NX,BD19 6NX,E14001506,E23000010,E12000003,A1,UN1,E38000254,E30000018,"0",E33011874
"102809",E630,E35001211,E56000030,E99999999,E92000001,"198001",,E54000054,"6696",E08000034,53.7293128967285,E37000062,,-1.74926805496216,E01011064,E01011064,E02002273,E02002273,E40000012,E00055740,E00055740,8C1,E99999999,"416640","1",E18000003,E08000034,"0425907",E05001393,E43000188,E65000001,BD196PA,BD19 6PA,BD19 6PA,E14001506,E23000010,E12000003,A1,UN1,E38000254,E30000018,"0",E33011875
"102810",E630,E35001211,E56000030,E99999999,E92000001,"198001",,E54000054,"17666",E08000034,53.7286186218262,E37000062,,-1.74862098693848,E01011062,E01011062,E02002273,E02002273,E40000012,E00055742,E00055742,1B2,E99999999,"416683","1",E18000003,E08000034,"0425830",E05001393,E43000188,E65000001,BD196PB,BD19 6PB,BD19 6PB,E14001506,E23000010,E12000003,A1,UN1,E38000254,E30000018,"0",E33011874
"102811",E630,E35001211,E56000030,E99999999,E92000001,"198001",,E54000054,"6696",E08000034,53.7291069030762,E37000062,,-1.7490119934082,E01011064,E01011064,E02002273,E02002273,E40000012,E00055740,E00055740,8C1,E99999999,"416657","1",E18000003,E08000034,"0425884",E05001393,E43000188,E65000001,BD196PD,BD19 6PD,BD19 6PD,E14001506,E23000010,E12000003,A1,UN1,E38000254,E30000018,"0",E33011875
"102812",E630,E35001211,E56000030,E99999999,E92000001,"198001",,E54000054,"6696",E08000034,53.7210388183594,E37000062,,-1.75007498264313,E01011064,E01011064,E02002273,E02002273,E40000012,E00055763,E00055763,1C2,E99999999,"416590","1",E18000003,E08000034,"0424986",E05001393,E43000188,E65000001,BD196PE,BD19 6PE,BD19 6PE,E14001506,E23000010,E12000003,A1,UN1,E38000254,E30000018,"0",E33011875
"102813",E630,E35001211,E56000030,E99999999,E92000001,"198001",,E54000054,"6696",E08000034,53.721923828125,E37000062,,-1.75187301635742,E01011064,E01011064,E02002273,E02002273,E40000012,E00055763,E00055763,1C2,E99999999,"416471","1",E18000003,E08000034,"0425084",E05001393,E43000188,E65000001,BD196PF,BD19 6PF,BD19 6PF,E14001506,E23000010,E12000003,A1,UN1,E38000254,E30000018,"0",E33011875
"102814",E630,E35001211,E56000030,E99999999,E92000001,"198001",,E54000054,"6696",E08000034,53.7223091125488,E37000062,,-1.75238597393036,E01011064,E01011064,E02002273,E02002273,E40000012,E00055763,E00055763,1C2,E99999999,"416437","1",E18000003,E08000034,"0425127",E05001393,E43000188,E65000001,BD196PG,BD19 6PG,BD19 6PG,E14001506,E23000010,E12000003,A1,UN1,E38000254,E30000018,"0",E33011875
"102815",E630,E35001211,E56000030,E99999999,E92000001,"198001",,E54000054,"6696",E08000034,53.7212982177734,E37000062,,-1.7548919916153,E01011064,E01011064,E02002273,E02002273,E40000012,E00055763,E00055763,1C2,E99999999,"416272","1",E18000003,E08000034,"0425014",E05001393,E43000188,E65000001,BD196PH,BD19 6PH,BD19 6PH,E14001506,E23000010,E12000003,A1,UN1,E38000254,E30000018,"0",E33011875
"102817",,E35999999,E56000030,E99999999,E92000001,"201611",,E54000054,"19870",E08000034,53.7332344055176,E37000062,,-1.73811900615692,E01011069,E01011069,E02002273,E02002273,E40000012,E00055747,E00055747,8A1,E99999999,"417374","1",E18000003,E08000034,"0426346",E05001393,E43000188,E65000001,BD196PL,BD19 6PL,BD19 6PL,E14001506,E23000010,E12000003,A1,UN1,E38000254,E30000018,"0",E33011874
"102818",E630,E35001211,E56000030,E99999999,E92000001,"198301",,E54000054,"6696",E08000034,53.7214584350586,E37000062,,-1.74925398826599,E01011064,E01011064,E02002273,E02002273,E40000012,E00055772,E00055772,6B2,E99999999,"416644","1",E18000003,E08000034,"0425033",E05001393,E43000188,E65000001,BD196PP,BD19 6PP,BD19 6PP,E14001506,E23000010,E12000003,A1,UN1,E38000254,E30000018,"0",E33011875
"102820",E630,E35001211,E56000030,E99999999,E92000001,"201804",,E54000054,"6696",E08000034,53.7212371826172,E37000062,,-1.75057399272919,E01011064,E01011064,E02002273,E02002273,E40000012,E00055763,E00055763,1C2,E99999999,"416557","1",E18000003,E08000034,"0425008",E05001393,E43000188,E65000001,BD196PW,BD19 6PW,BD19 6PW,E14001506,E23000010,E12000003,A1,UN1,E38000254,E30000018,"0",E33011875
"102821",E630,E35999999,E56000030,E99999999,E92000001,"200701",,E54000054,"17666",E08000034,53.7316513061523,E37000062,,-1.72575998306274,E01011062,E01011062,E02002273,E02002273,E40000012,E00055782,E00178673,5A1,E99999999,"418190","1",E18000003,E08000034,"0426173",E05001393,E43000188,E65000001,BD196UA,BD19 6UA,BD19 6UA,E14001506,E23000010,E12000003,A1,UN1,E38000254,E30000018,"0",E33009425
"102822",E630,E35000475,E56000030,E99999999,E92000001,"200611",,E54000054,"17666",E08000034,53.7317047119141,E37000062,,-1.72512304782867,E01011062,E01011062,E02002273,E02002273,E40000012,E00055782,E00178673,5A1,E99999999,"418232","1",E18000003,E08000034,"0426179",E05001393,E43000188,E65000001,BD196UB,BD19 6UB,BD19 6UB,E14001506,E23000010,E12000003,A1,UN1,E38000254,E30000018,"0",E33009425
