OBJECTID,BUA11,BUASD11,CALNCV,CED,CTRY,DOINTR,DOTERM,ICB,IMD,ITL,LAT,LEP1,LEP2,LONG,LSOA11,LSOA21,MSOA11,MSOA21,NHSER,OA11,OA21,OAC11,OSCTY,OSEAST1M,OSGRDIND,OSHLTHAU,OSLAUA,OSNRTH1M,OSWARD,PARISH,PARK,PCD,PCD2,PCDS,PCON,PFA,RGN,RU11IND,RUC21IND,SICBL,TTWA,USERTYPE,WZ11
"98428",,E35999999,E56000030,E99999999,E92000001,"198001",,E54000054,"18524",E08000033,53.7787628173828,E37000062,,-1.87489402294159,E01010911,E01010911,E02002244,E02002244,E40000012,E00055010,E00055010,6B2,E99999999,"408342","1",E18000003,E08000033,"0431387",E05001376,E43000293,E65000001,BD131LY,BD13 1LY,BD13 1LY,E14001262,E23000010,E12000003,F1,RSN1,E38000025,E30000029,"0",E33011722
"98429",,E35999999,E56000030,E99999999,E92000001,"198001",,E54000054,"18524",E08000033,53.7777404785156,E37000062,,-1.87453305721283,E01010911,E01010911,E02002244,E02002244,E40000012,E00055010,E00055010,6B2,E99999999,"408366","1",E18000003,E08000033,"0431273",E05001376,E43000293,E65000001,BD131LZ,BD13 1LZ,BD13 1LZ,E14001262,E23000010,E12000003,F1,RSN1,E38000025,E30000029,"0",E33011722
"734447",E630,E35000317,E56000030,E99999999,E92000001,"200812",,E54000054,"18524",E08000033,53.758918762207,E37000062,,-1.89342701435089,E01010911,E01010911,E02002244,E02002244,E40000012,E00168675,E00168675,5A1,E99999999,"407124","1",E18000003,E08000033,"0429177",E05001376,E43000293,E65000001,HX2 8WH,HX2  8WH,HX2 8WH,E14001262,E23000010,E12000003,A1,UN1,E38000025,E30000029,"0",E33011722
"734449",E630,E35000317,E56000030,E99999999,E92000001,"198001",,E54000054,"18524",E08000033,53.7605819702148,E37000062,,-1.89343798160553,E01010911,E01010911,E02002244,E02002244,E40000012,E00168672,E00168672,6B2,E99999999,"407123","1",E18000003,E08000033,"0429362",E05001376,E43000293,E65000001,HX2 8XA,HX2  8XA,HX2 8XA,E14001262,E23000010,E12000003,A1,UN1,E38000025,E30000029,"0",E33011722
"734450",E630,E35000317,E56000030,E99999999,E92000001,"198001",,E54000054,"18524",E08000033,53.7607078552246,E37000062,,-1.89339196681976,E01010911,E01010911,E02002244,E02002244,E40000012,E00168672,E00168672,6B2,E99999999,"407126","1",E18000003,E08000033,"0429376",E05001376,E43000293,E65000001,HX2 8XB,HX2  8XB,HX2 8XB,E14001262,E23000010,E12000003,A1,UN1,E38000025,E30000029,"0",E33011722
"734451",,E35999999,E56000030,E99999999,E92000001,"198001",,E54000054,"18524",E08000033,53.7675132751465,E37000062,,-1.89601504802704,E01010911,E01010911,E02002244,E02002244,E40000012,E00055011,E00055011,1B2,E99999999,"406952","1",E18000003,E08000033,"0430133",E05001376,E43000293,E65000001,HX2 8XD,HX2  8XD,HX2 8XD,E14001262,E23000010,E12000003,F1,RSN1,E38000025,E30000029,"0",E33011722
"734452",E630,E35999999,E56000030,E99999999,E92000001,"198001",,E54000054,"18524",E08000033,53.7643051147461,E37000062,,-1.8953709602356,E01010911,E01010911,E02002244,E02002244,E40000012,E00055011,E00055011,1B2,E99999999,"406995","1",E18000003,E08000033,"0429776",E05001376,E43000293,E65000001,HX2 8XE,HX2  8XE,HX2 8XE,E14001262,E23000010,E12000003,F1,RSN1,E38000025,E30000029,"0",E33011722
"734463",,E35999999,E56000030,E99999999,E92000001,"198001",,E54000054,"18524",E08000033,53.7714538574219,E37000062,,-1.89817500114441,E01010911,E01010911,E02002244,E02002244,E40000012,E00055011,E00055011,1B2,E99999999,"406809","1",E18000003,E08000033,"0430571",E05001376,E43000293,E65000001,HX2 8XT,HX2  8XT,HX2 8XT,E14001262,E23000010,E12000003,F1,RSN1,E38000025,E30000029,"0",E33011722
"734464",,E35999999,E56000030,E99999999,E92000001,"198001",,E54000054,"18524",E08000033,53.7720985412598,E37000062,,-1.8982800245285,E01010911,E01010911,E02002244,E02002244,E40000012,E00055011,E00055011,1B2,E99999999,"406802","1",E18000003,E08000033,"0430643",E05001376,E43000293,E65000001,HX2 8XU,HX2  8XU,HX2 8XU,E14001262,E23000010,E12000003,F1,RSN1,E38000025,E30000029,"0",E33011722
"734466",,E35999999,E56000030,E99999999,E92000001,"198001",,E54000054,"18524",E08000033,53.7746772766113,E37000062,,-1.89623999595642,E01010911,E01010911,E02002244,E02002244,E40000012,E00055011,E00055011,1B2,E99999999,"406936","1",E18000003,E08000033,"0430930",E05001376,E43000293,E65000001,HX2 8XX,HX2  8XX,HX2 8XX,E14001262,E23000010,E12000003,F1,RSN1,E38000025,E30000029,"0",E33011722
"734467",,E35999999,E56000030,E99999999,E92000001,"198001",,E54000054,"18524",E08000033,53.7745971679688,E37000062,,-1.8978179693222,E01010911,E01010911,E02002244,E02002244,E40000012,E00055011,E00055011,1B2,E99999999,"406832","1",E18000003,E08000033,"0430921",E05001376,E43000293,E65000001,HX2 8XY,HX2  8XY,HX2 8XY,E14001262,E23000010,E12000003,F1,RSN1,E38000025,E30000029,"0",E33011722
"734468",,E35999999,E56000030,E99999999,E92000001,"198001",,E54000054,"18524",E08000033,53.7744560241699,E37000062,,-1.89973104000092,E01010911,E01010911,E02002244,E02002244,E40000012,E00055011,E00055011,1B2,E99999999,"406706","1",E18000003,E08000033,"0430905",E05001376,E43000293,E65000001,HX2 8XZ,HX2  8XZ,HX2 8XZ,E14001262,E23000010,E12000003,F1,RSN1,E38000025,E30000029,"0",E33011722
"734469",,E35999999,E56000030,E99999999,E92000001,"198001",,E54000054,"18524",E08000033,53.7753448486328,E37000062,,-1.89969801902771,E01010911,E01010911,E02002244,E02002244,E40000012,E00055011,E00055011,1B2,E99999999,"406708","1",E18000003,E08000033,"0431004",E05001376,E43000293,E65000001,HX2 8YA,HX2  8YA,HX2 8YA,E14001262,E23000010,E12000003,F1,RSN1,E38000025,E30000029,"0",E33011722
"734470",,E35999999,E56000030,E99999999,E92000001,"198001",,E54000054,"18524",E08000033,53.7777404785156,E37000062,,-1.89621698856354,E01010911,E01010911,E02002244,E02002244,E40000012,E00055011,E00055011,1B2,E99999999,"406937","1",E18000003,E08000033,"0431271",E05001376,E43000293,E65000001,HX2 8YB,HX2  8YB,HX2 8YB,E14001262,E23000010,E12000003,F1,RSN1,E38000025,E30000029,"0",E33011722
"734471",,E35999999,E56000030,E99999999,E92000001,"198001",,E54000054,"18524",E08000033,53.7798385620117,E37000062,,-1.90103805065155,E01010911,E01010911,E02002244,E02002244,E40000012,E00055011,E00055011,1B2,E99999999,"406619","1",E18000003,E08000033,"0431504",E05001376,E43000293,E65000001,HX2 8YD,HX2  8YD,HX2 8YD,E14001262,E23000010,E12000003,F1,RSN1,E38000025,E30000029,"0",E33011722
"734477",E630,E35000317,E56000030,E99999999,E92000001,"198001",,E54000054,"18947",E08000033,53.7506523132324,E37000062,,-1.87617599964142,E01010915,E01010915,E02002244,E02002244,E40000012,E00055004,E00055004,5A1,E99999999,"408263","1",E18000003,E08000033,"0428259",E05001376,E43000293,E65000001,HX2 9AG,HX2  9AG,HX2 9AG,E14001262,E23000010,E12000003,A1,UN1,E38000025,E30000029,"0",E33011723
"734478",E630,E35000317,E56000030,E99999999,E92000001,"198001",,E54000054,"18947",E08000033,53.7498779296875,E37000062,,-1.87661802768707,E01010915,E01010915,E02002244,E02002244,E40000012,E00055006,E00055006,5A1,E99999999,"408234","1",E18000003,E08000033,"0428173",E05001376,E43000293,E65000001,HX2 9AH,HX2  9AH,HX2 9AH,E14001262,E23000010,E12000003,A1,UN1,E38000025,E30000029,"0",E33011723
"734479",E630,E35000317,E56000030,E99999999,E92000001,"198001",,E54000054,"18947",E08000033,53.7498893737793,E37000062,,-1.8766930103302,E01010915,E01010915,E02002244,E02002244,E40000012,E00055006,E00055006,5A1,E99999999,"408229","1",E18000003,E08000033,"0428174",E05001376,E43000293,E65000001,HX2 9AJ,HX2  9AJ,HX2 9AJ,E14001262,E23000010,E12000003,A1,UN1,E38000025,E30000029,"0",E33011723
"734481",E630,E35000317,E56000030,E99999999,E92000001,"198001",,E54000054,"18947",E08000033,53.7499160766602,E37000062,,-1.87719404697418,E01010915,E01010915,E02002244,E02002244,E40000012,E00055006,E00055006,5A1,E99999999,"408196","1",E18000003,E08000033,"0428177",E05001376,E43000293,E65000001,HX2 9AN,HX2  9AN,HX2 9AN,E14001262,E23000010,E12000003,A1,UN1,E38000025,E30000029,"0",E33011723
"734482",E630,E35000317,E56000030,E99999999,E92000001,"200306",,E54000054,"18947",E08000033,53.7512245178223,E37000062,,-1.8749760389328,E01010915,E01010915,E02002244,E02002244,E40000012,E00055004,E00055004,5A1,E99999999,"408342","1",E18000003,E08000033,"0428323",E05001376,E43000293,E65000001,HX2 9AP,HX2  9AP,HX2 9AP,E14001262,E23000010,E12000003,A1,UN1,E38000025,E30000029,"0",E33011723
"734483",E630,E35000317,E56000030,E99999999,E92000001,"198001",,E54000054,"18947",E08000033,53.7505416870117,E37000062,,-1.87650895118713,E01010915,E01010915,E02002244,E02002244,E40000012,E00055006,E00055006,5A1,E99999999,"408241","1",E18000003,E08000033,"0428247",E05001376,E43000293,E65000001,HX2 9AQ,HX2  9AQ,HX2 9AQ,E14001262,E23000010,E12000003,A1,UN1,E38000025,E30000029,"0",E33011723
"734486",E630,E35000317,E56000030,E99999999,E92000001,"198001",,E54000054,"18947",E08000033,53.7496490478516,E37000062,,-1.88071298599243,E01010915,E01010915,E02002244,E02002244,E40000012,E00055006,E00055006,5A1,E99999999,"407964","1",E18000003,E08000033,"0428147",E05001376,E43000293,E65000001,HX2 9AT,HX2  9AT,HX2 9AT,E14001262,E23000010,E12000003,A1,UN1,E38000025,E30000029,"0",E33011723
"734487",E630,E35000317,E56000030,E99999999,E92000001,"198001",,E54000054,"18947",E08000033,53.7505073547363,E37000062,,-1.8774950504303,E01010915,E01010915,E02002244,E02002244,E40000012,E00055004,E00055004,5A1,E99999999,"408176","1",E18000003,E08000033,"0428243",E05001376,E43000293,E65000001,HX2 9AU,HX2  9AU,HX2 9AU,E14001262,E23000010,E12000003,A1,UN1,E38000025,E30000029,"0",E33011723
"734490",E630,E35000317,E56000030,E99999999,E92000001,"201009",,E54000054,"18947",E08000033,53.7501831054688,E37000062,,-1.87541902065277,E01010915,E01010915,E02002244,E02002244,E40000012,E00055004,E00055004,5A1,E99999999,"408313","1",E18000003,E08000033,"0428207",E05001376,E43000293,E65000001,HX2 9AY,HX2  9AY,HX2 9AY,E14001262,E23000010,E12000003,A1,UN1,E38000025,E30000029,"0",E33011723
"734491",E630,E35000317,E56000030,E99999999,E92000001,"198001",,E54000054,"18947",E08000033,53.7509422302246,E37000062,,-1.87831294536591,E01010915,E01010915,E02002244,E02002244,E40000012,E00055006,E00055006,5A1,E99999999,"408122","1",E18000003,E08000033,"0428291",E05001376,E43000293,E65000001,HX2 9AZ,HX2  9AZ,HX2 9AZ,E14001262,E23000010,E12000003,A1,UN1,E38000025,E30000029,"0",E33011723
"734492",E630,E35000317,E56000030,E99999999,E92000001,"198001",,E54000054,"18947",E08000033,53.7508850097656,E37000062,,-1.8778430223465,E01010915,E01010915,E02002244,E02002244,E40000012,E00055006,E00055006,5A1,E99999999,"408153","1",E18000003,E08000033,"0428285",E05001376,E43000293,E65000001,HX2 9BA,HX2  9BA,HX2 9BA,E14001262,E23000010,E12000003,A1,UN1,E38000025,E30000029,"0",E33011723
"734493",E630,E35000317,E56000030,E99999999,E92000001,"198001",,E54000054,"18947",E08000033,53.7518730163574,E37000062,,-1.8760050535202,E01010915,E01010915,E02002244,E02002244,E40000012,E00055004,E00055004,5A1,E99999999,"408274","1",E18000003,E08000033,"0428395",E05001376,E43000293,E65000001,HX2 9BB,HX2  9BB,HX2 9BB,E14001262,E23000010,E12000003,A1,UN1,E38000025,E30000029,"0",E33011723
"734494",E630,E35000317,E56000030,E99999999,E92000001,"198001",,E54000054,"18947",E08000033,53.7513618469238,E37000062,,-1.87661302089691,E01010915,E01010915,E02002244,E02002244,E40000012,E00055004,E00055004,5A1,E99999999,"408234","1",E18000003,E08000033,"0428338",E05001376,E43000293,E65000001,HX2 9BD,HX2  9BD,HX2 9BD,E14001262,E23000010,E12000003,A1,UN1,E38000025,E30000029,"0",E33011723
"734495",E630,E35000317,E56000030,E99999999,E92000001,"198001",,E54000054,"18947",E08000033,53.7518653869629,E37000062,,-1.87680900096893,E01010915,E01010915,E02002244,E02002244,E40000012,E00055004,E00055004,5A1,E99999999,"408221","1",E18000003,E08000033,"0428394",E05001376,E43000293,E65000001,HX2 9BE,HX2  9BE,HX2 9BE,E14001262,E23000010,E12000003,A1,UN1,E38000025,E30000029,"0",E33011723
"734513",E630,E35000317,E56000030,E99999999,E92000001,"200112",,E54000054,"18524",E08000033,53.760555267334,E37000062,,-1.89308905601501,E01010911,E01010911,E02002244,E02002244,E40000012,E00168672,E00168672,6B2,E99999999,"407146","1",E18000003,E08000033,"0429359",E05001376,E43000293,E65000001,HX2 9DF,HX2  9DF,HX2 9DF,E14001262,E23000010,E12000003,A1,UN1,E38000025,E30000029,"0",E33011722
"734515",E630,E35000317,E56000030,E99999999,E92000001,"199308",,E54000054,"18524",E08000033,53.7580108642578,E37000062,,-1.89195799827576,E01010911,E01010911,E02002244,E02002244,E40000012,E00055014,E00055014,6B3,E99999999,"407221","1",E18000003,E08000033,"0429076",E05001376,E43000293,E65000001,HX2 9DH,HX2  9DH,HX2 9DH,E14001262,E23000010,E12000003,A1,UN1,E38000025,E30000029,"0",E33011722
"734516",E630,E35000317,E56000030,E99999999,E92000001,"199002",,E54000054,"6079",E08000033,53.7578735351562,E37000062,,-1.88954699039459,E01010912,E01010912,E02002244,E02002244,E40000012,E00054999,E00054999,8B2,E99999999,"407380","1",E18000003,E08000033,"0429061",E05001376,E43000293,E65000001,HX2 9DJ,HX2  9DJ,HX2 9DJ,E14001262,E23000010,E12000003,A1,UN1,E38000025,E30000029,"0",E33011724
"734517",E630,E35000317,E56000030,E99999999,E92000001,"198001",,E54000054,"6079",E08000033,53.7544708251953,E37000062,,-1.89252901077271,E01010912,E01010912,E02002244,E02002244,E40000012,E00055029,E00055029,7C1,E99999999,"407184","1",E18000003,E08000033,"0428682",E05001376,E43000293,E65000001,HX2 9DL,HX2  9DL,HX2 9DL,E14001262,E23000010,E12000003,A1,UN1,E38000025,E30000029,"0",E33011724
"734520",E630,E35000317,E56000030,E99999999,E92000001,"199606",,E54000054,"18524",E08000033,53.7591247558594,E37000062,,-1.8931839466095,E01010911,E01010911,E02002244,E02002244,E40000012,E00168675,E00168675,5A1,E99999999,"407140","1",E18000003,E08000033,"0429200",E05001376,E43000293,E65000001,HX2 9DQ,HX2  9DQ,HX2 9DQ,E14001262,E23000010,E12000003,A1,UN1,E38000025,E30000029,"0",E33011722
"734523",E630,E35000317,E56000030,E99999999,E92000001,"198001",,E54000054,"18524",E08000033,53.7598152160645,E37000062,,-1.89164996147156,E01010911,E01010911,E02002244,E02002244,E40000012,E00055014,E00055014,6B3,E99999999,"407241","1",E18000003,E08000033,"0429277",E05001376,E43000293,E65000001,HX2 9DT,HX2  9DT,HX2 9DT,E14001262,E23000010,E12000003,A1,UN1,E38000025,E30000029,"0",E33011722
"734524",E630,E35000317,E56000030,E99999999,E92000001,"198001",,E54000054,"18524",E08000033,53.7589797973633,E37000062,,-1.8928359746933,E01010911,E01010911,E02002244,E02002244,E40000012,E00055014,E00055014,6B3,E99999999,"407163","1",E18000003,E08000033,"0429184",E05001376,E43000293,E65000001,HX2 9DU,HX2  9DU,HX2 9DU,E14001262,E23000010,E12000003,A1,UN1,E38000025,E30000029,"0",E33011722
"734525",E630,E35000317,E56000030,E99999999,E92000001,"198001",,E54000054,"6079",E08000033,53.753246307373,E37000062,,-1.89193999767303,E01010912,E01010912,E02002244,E02002244,E40000012,E00055029,E00055029,7C1,E99999999,"407223","1",E18000003,E08000033,"0428546",E05001376,E43000293,E65000001,HX2 9DW,HX2  9DW,HX2 9DW,E14001262,E23000010,E12000003,A1,UN1,E38000025,E30000029,"0",E33011724
"734526",E630,E35000317,E56000030,E99999999,E92000001,"198001",,E54000054,"18524",E08000033,53.7599143981934,E37000062,,-1.89296996593475,E01010911,E01010911,E02002244,E02002244,E40000012,E00055014,E00055014,6B3,E99999999,"407154","1",E18000003,E08000033,"0429288",E05001376,E43000293,E65000001,HX2 9DX,HX2  9DX,HX2 9DX,E14001262,E23000010,E12000003,A1,UN1,E38000025,E30000029,"0",E33011722
"734527",E630,E35000317,E56000030,E99999999,E92000001,"198001",,E54000054,"18524",E08000033,53.7582855224609,E37000062,,-1.8913209438324,E01010911,E01010911,E02002244,E02002244,E40000012,E00055014,E00055014,6B3,E99999999,"407263","1",E18000003,E08000033,"0429107",E05001376,E43000293,E65000001,HX2 9DY,HX2  9DY,HX2 9DY,E14001262,E23000010,E12000003,A1,UN1,E38000025,E30000029,"0",E33011722
"734528",E630,E35000317,E56000030,E99999999,E92000001,"198001",,E54000054,"6079",E08000033,53.7577018737793,E37000062,,-1.89045798778534,E01010912,E01010912,E02002244,E02002244,E40000012,E00054999,E00054999,8B2,E99999999,"407320","1",E18000003,E08000033,"0429042",E05001376,E43000293,E65000001,HX2 9DZ,HX2  9DZ,HX2 9DZ,E14001262,E23000010,E12000003,A1,UN1,E38000025,E30000029,"0",E33011724
"734529",E630,E35000317,E56000030,E99999999,E92000001,"198001",,E54000054,"6079",E08000033,53.7582778930664,E37000062,,-1.88936400413513,E01010912,E01010912,E02002244,E02002244,E40000012,E00055015,E00055015,6B3,E99999999,"407392","1",E18000003,E08000033,"0429106",E05001376,E43000293,E65000001,HX2 9EA,HX2  9EA,HX2 9EA,E14001262,E23000010,E12000003,A1,UN1,E38000025,E30000029,"0",E33011724
"734530",E630,E35000317,E56000030,E99999999,E92000001,"198001",,E54000054,"6079",E08000033,53.7573776245117,E37000062,,-1.88885104656219,E01010912,E01010912,E02002244,E02002244,E40000012,E00054999,E00054999,8B2,E99999999,"407426","1",E18000003,E08000033,"0429006",E05001376,E43000293,E65000001,HX2 9EB,HX2  9EB,HX2 9EB,E14001262,E23000010,E12000003,A1,UN1,E38000025,E30000029,"0",E33011724
"734531",E630,E35000317,E56000030,E99999999,E92000001,"198001",,E54000054,"6079",E08000033,53.7579956054688,E37000062,,-1.88789403438568,E01010912,E01010912,E02002244,E02002244,E40000012,E00054999,E00054999,8B2,E99999999,"407489","1",E18000003,E08000033,"0429075",E05001376,E43000293,E65000001,HX2 9ED,HX2  9ED,HX2 9ED,E14001262,E23000010,E12000003,A1,UN1,E38000025,E30000029,"0",E33011724
"734536",E630,E35000317,E56000030,E99999999,E92000001,"198001",,E54000054,"6079",E08000033,53.7555732727051,E37000062,,-1.88988697528839,E01010912,E01010912,E02002244,E02002244,E40000012,E00055029,E00055029,7C1,E99999999,"407358","1",E18000003,E08000033,"0428805",E05001376,E43000293,E65000001,HX2 9EJ,HX2  9EJ,HX2 9EJ,E14001262,E23000010,E12000003,A1,UN1,E38000025,E30000029,"0",E33011724
"734537",E630,E35000317,E56000030,E99999999,E92000001,"198001",,E54000054,"6079",E08000033,53.7549438476562,E37000062,,-1.89020705223083,E01010912,E01010912,E02002244,E02002244,E40000012,E00055028,E00055028,7A3,E99999999,"407337","1",E18000003,E08000033,"0428735",E05001376,E43000293,E65000001,HX2 9EL,HX2  9EL,HX2 9EL,E14001262,E23000010,E12000003,A1,UN1,E38000025,E30000029,"0",E33011724
"734539",E630,E35000317,E56000030,E99999999,E92000001,"198001",,E54000054,"6079",E08000033,53.755012512207,E37000062,,-1.8892970085144,E01010912,E01010912,E02002244,E02002244,E40000012,E00055028,E00055028,7A3,E99999999,"407397","1",E18000003,E08000033,"0428743",E05001376,E43000293,E65000001,HX2 9EP,HX2  9EP,HX2 9EP,E14001262,E23000010,E12000003,A1,UN1,E38000025,E30000029,"0",E33011724
"734543",E630,E35000317,E56000030,E99999999,E92000001,"198001",,E54000054,"6079",E08000033,53.7559394836426,E37000062,,-1.88783800601959,E01010912,E01010912,E02002244,E02002244,E40000012,E00055020,E00055020,"8D2",E99999999,"407493","1",E18000003,E08000033,"0428846",E05001376,E43000293,E65000001,HX2 9ET,HX2  9ET,HX2 9ET,E14001262,E23000010,E12000003,A1,UN1,E38000025,E30000029,"0",E33011724
"734545",E630,E35000317,E56000030,E99999999,E92000001,"198001",,E54000054,"6079",E08000033,53.754566192627,E37000062,,-1.89037501811981,E01010912,E01010912,E02002244,E02002244,E40000012,E00055029,E00055029,7C1,E99999999,"407326","1",E18000003,E08000033,"0428693",E05001376,E43000293,E65000001,HX2 9EW,HX2  9EW,HX2 9EW,E14001262,E23000010,E12000003,A1,UN1,E38000025,E30000029,"0",E33011724
"734550",E630,E35000317,E56000030,E99999999,E92000001,"198001",,E54000054,"6079",E08000033,53.7541160583496,E37000062,,-1.89061903953552,E01010912,E01010912,E02002244,E02002244,E40000012,E00055029,E00055029,7C1,E99999999,"407310","1",E18000003,E08000033,"0428643",E05001376,E43000293,E65000001,HX2 9HA,HX2  9HA,HX2 9HA,E14001262,E23000010,E12000003,A1,UN1,E38000025,E30000029,"0",E33011724
"734553",E630,E35000317,E56000030,E99999999,E92000001,"199712",,E54000054,"18947",E08000033,53.7506256103516,E37000062,,-1.87658500671387,E01010915,E01010915,E02002244,E02002244,E40000012,E00055004,E00055004,5A1,E99999999,"408236","1",E18000003,E08000033,"0428256",E05001376,E43000293,E65000001,HX2 9HE,HX2  9HE,HX2 9HE,E14001262,E23000010,E12000003,A1,UN1,E38000025,E30000029,"0",E33011723
"734554",E630,E35000317,E56000030,E99999999,E92000001,"200206",,E54000054,"18947",E08000033,53.756290435791,E37000062,,-1.88173997402191,E01010915,E01010915,E02002244,E02002244,E40000012,E00055027,E00055027,8A1,E99999999,"407895","1",E18000003,E08000033,"0428886",E05001376,E43000293,E65000001,HX2 9HF,HX2  9HF,HX2 9HF,E14001262,E23000010,E12000003,A1,UN1,E38000025,E30000029,"0",E33011724
"734555",E630,E35000317,E56000030,E99999999,E92000001,"198001",,E54000054,"23135",E08000033,53.7617530822754,E37000062,,-1.88698899745941,E01010913,E01010913,E02002244,E02002244,E40000012,E00055013,E00055013,8A1,E99999999,"407548","1",E18000003,E08000033,"0429493",E05001376,E43000293,E65000001,HX2 9HR,HX2  9HR,HX2 9HR,E14001262,E23000010,E12000003,A1,UN1,E38000025,E30000029,"0",E33011724
"734556",E630,E35000317,E56000030,E99999999,E92000001,"198001",,E54000054,"23135",E08000033,53.7617797851562,E37000062,,-1.8881870508194,E01010913,E01010913,E02002244,E02002244,E40000012,E00055013,E00055013,8A1,E99999999,"407469","1",E18000003,E08000033,"0429496",E05001376,E43000293,E65000001,HX2 9HS,HX2  9HS,HX2 9HS,E14001262,E23000010,E12000003,A1,UN1,E38000025,E30000029,"0",E33011724
"734557",E630,E35000317,E56000030,E99999999,E92000001,"198001",,E54000054,"23135",E08000033,53.7613143920898,E37000062,,-1.88874900341034,E01010913,E01010913,E02002244,E02002244,E40000012,E00055013,E00055013,8A1,E99999999,"407432","1",E18000003,E08000033,"0429444",E05001376,E43000293,E65000001,HX2 9HT,HX2  9HT,HX2 9HT,E14001262,E23000010,E12000003,A1,UN1,E38000025,E30000029,"0",E33011724
"734558",E630,E35000317,E56000030,E99999999,E92000001,"198001",,E54000054,"23135",E08000033,53.7618789672852,E37000062,,-1.88852000236511,E01010913,E01010913,E02002244,E02002244,E40000012,E00055013,E00055013,8A1,E99999999,"407447","1",E18000003,E08000033,"0429507",E05001376,E43000293,E65000001,HX2 9HU,HX2  9HU,HX2 9HU,E14001262,E23000010,E12000003,A1,UN1,E38000025,E30000029,"0",E33011724
"734559",E630,E35000317,E56000030,E99999999,E92000001,"198001",,E54000054,"18524",E08000033,53.7625541687012,E37000062,,-1.88968694210052,E01010911,E01010911,E02002244,E02002244,E40000012,E00168672,E00168672,6B2,E99999999,"407370","1",E18000003,E08000033,"0429582",E05001376,E43000293,E65000001,HX2 9HX,HX2  9HX,HX2 9HX,E14001262,E23000010,E12000003,A1,UN1,E38000025,E30000029,"0",E33011722
"734560",E630,E35000317,E56000030,E99999999,E92000001,"198001",,E54000054,"18524",E08000033,53.7624626159668,E37000062,,-1.88857901096344,E01010911,E01010911,E02002244,E02002244,E40000012,E00168672,E00168672,6B2,E99999999,"407443","1",E18000003,E08000033,"0429572",E05001376,E43000293,E65000001,HX2 9HY,HX2  9HY,HX2 9HY,E14001262,E23000010,E12000003,A1,UN1,E38000025,E30000029,"0",E33011722
"734561",E630,E35999999,E56000030,E99999999,E92000001,"198001",,E54000054,"18524",E08000033,53.7635879516602,E37000062,,-1.88746905326843,E01010911,E01010911,E02002244,E02002244,E40000012,E00055011,E00055011,1B2,E99999999,"407516","1",E18000003,E08000033,"0429697",E05001376,E43000293,E65000001,HX2 9HZ,HX2  9HZ,HX2 9HZ,E14001262,E23000010,E12000003,F1,RSN1,E38000025,E30000029,"0",E33011722
"734562",E630,E35000317,E56000030,E99999999,E92000001,"198001",,E54000054,"18524",E08000033,53.7621841430664,E37000062,,-1.88935399055481,E01010911,E01010911,E02002244,E02002244,E40000012,E00168672,E00168672,6B2,E99999999,"407392","1",E18000003,E08000033,"0429541",E05001376,E43000293,E65000001,HX2 9JA,HX2  9JA,HX2 9JA,E14001262,E23000010,E12000003,A1,UN1,E38000025,E30000029,"0",E33011722
"734563",E630,E35000317,E56000030,E99999999,E92000001,"198001",,E54000054,"18524",E08000033,53.7626991271973,E37000062,,-1.89033794403076,E01010911,E01010911,E02002244,E02002244,E40000012,E00168672,E00168672,6B2,E99999999,"407327","1",E18000003,E08000033,"0429598",E05001376,E43000293,E65000001,HX2 9JB,HX2  9JB,HX2 9JB,E14001262,E23000010,E12000003,A1,UN1,E38000025,E30000029,"0",E33011722
"734564",E630,E35000317,E56000030,E99999999,E92000001,"198001",,E54000054,"18524",E08000033,53.7623138427734,E37000062,,-1.89053702354431,E01010911,E01010911,E02002244,E02002244,E40000012,E00168672,E00168672,6B2,E99999999,"407314","1",E18000003,E08000033,"0429555",E05001376,E43000293,E65000001,HX2 9JD,HX2  9JD,HX2 9JD,E14001262,E23000010,E12000003,A1,UN1,E38000025,E30000029,"0",E33011722
"734565",E630,E35000317,E56000030,E99999999,E92000001,"198001",,E54000054,"23135",E08000033,53.7617721557617,E37000062,,-1.88987100124359,E01010913,E01010913,E02002244,E02002244,E40000012,E00055013,E00055013,8A1,E99999999,"407358","1",E18000003,E08000033,"0429495",E05001376,E43000293,E65000001,HX2 9JE,HX2  9JE,HX2 9JE,E14001262,E23000010,E12000003,A1,UN1,E38000025,E30000029,"0",E33011724
"734566",E630,E35000317,E56000030,E99999999,E92000001,"198001",,E54000054,"23135",E08000033,53.7613525390625,E37000062,,-1.89044797420502,E01010913,E01010913,E02002244,E02002244,E40000012,E00055013,E00055013,8A1,E99999999,"407320","1",E18000003,E08000033,"0429448",E05001376,E43000293,E65000001,HX2 9JF,HX2  9JF,HX2 9JF,E14001262,E23000010,E12000003,A1,UN1,E38000025,E30000029,"0",E33011724
"734567",E630,E35000317,E56000030,E99999999,E92000001,"198001",,E54000054,"6079",E08000033,53.7609481811523,E37000062,,-1.89099502563477,E01010912,E01010912,E02002244,E02002244,E40000012,E00055015,E00055015,6B3,E99999999,"407284","1",E18000003,E08000033,"0429403",E05001376,E43000293,E65000001,HX2 9JG,HX2  9JG,HX2 9JG,E14001262,E23000010,E12000003,A1,UN1,E38000025,E30000029,"0",E33011724
"734568",E630,E35000317,E56000030,E99999999,E92000001,"198001",,E54000054,"18524",E08000033,53.7622337341309,E37000062,,-1.89099204540253,E01010911,E01010911,E02002244,E02002244,E40000012,E00168672,E00168672,6B2,E99999999,"407284","1",E18000003,E08000033,"0429546",E05001376,E43000293,E65000001,HX2 9JH,HX2  9JH,HX2 9JH,E14001262,E23000010,E12000003,A1,UN1,E38000025,E30000029,"0",E33011722
"734569",E630,E35000317,E56000030,E99999999,E92000001,"198001",,E54000054,"18524",E08000033,53.762035369873,E37000062,,-1.89208495616913,E01010911,E01010911,E02002244,E02002244,E40000012,E00168672,E00168672,6B2,E99999999,"407212","1",E18000003,E08000033,"0429524",E05001376,E43000293,E65000001,HX2 9JJ,HX2  9JJ,HX2 9JJ,E14001262,E23000010,E12000003,A1,UN1,E38000025,E30000029,"0",E33011722
"734570",E630,E35000317,E56000030,E99999999,E92000001,"198001",,E54000054,"18524",E08000033,53.760871887207,E37000062,,-1.8957279920578,E01010911,E01010911,E02002244,E02002244,E40000012,E00168675,E00168675,5A1,E99999999,"406972","1",E18000003,E08000033,"0429394",E05001376,E43000293,E65000001,HX2 9JL,HX2  9JL,HX2 9JL,E14001262,E23000010,E12000003,A1,UN1,E38000025,E30000029,"0",E33011722
"734571",E630,E35000317,E56000030,E99999999,E92000001,"198001",,E54000054,"18524",E08000033,53.761417388916,E37000062,,-1.89204096794128,E01010911,E01010911,E02002244,E02002244,E40000012,E00055014,E00055014,6B3,E99999999,"407215","1",E18000003,E08000033,"0429455",E05001376,E43000293,E65000001,HX2 9JQ,HX2  9JQ,HX2 9JQ,E14001262,E23000010,E12000003,A1,UN1,E38000025,E30000029,"0",E33011722
"734573",E630,E35000317,E56000030,E99999999,E92000001,"201803",,E54000054,"18524",E08000033,53.7607078552246,E37000062,,-1.89571297168732,E01010911,E01010911,E02002244,E02002244,E40000012,E00168675,E00168675,5A1,E99999999,"406973","1",E18000003,E08000033,"0429376",E05001376,E43000293,E65000001,HX2 9JW,HX2  9JW,HX2 9JW,E14001262,E23000010,E12000003,A1,UN1,E38000025,E30000029,"0",E33011722
"734576",E630,E35000317,E56000030,E99999999,E92000001,"198001",,E54000054,"18524",E08000033,53.7605476379395,E37000062,,-1.89610803127289,E01010911,E01010911,E02002244,E02002244,E40000012,E00168675,E00168675,5A1,E99999999,"406947","1",E18000003,E08000033,"0429358",E05001376,E43000293,E65000001,HX2 9JZ,HX2  9JZ,HX2 9JZ,E14001262,E23000010,E12000003,A1,UN1,E38000025,E30000029,"0",E33011722
"734586",E630,E35000317,E56000030,E99999999,E92000001,"199007",,E54000054,"18524",E08000033,53.7598724365234,E37000062,,-1.89662504196167,E01010911,E01010911,E02002244,E02002244,E40000012,E00168675,E00168675,5A1,E99999999,"406913","1",E18000003,E08000033,"0429283",E05001376,E43000293,E65000001,HX2 9LX,HX2  9LX,HX2 9LX,E14001262,E23000010,E12000003,A1,UN1,E38000025,E30000029,"0",E33011722
"734592",E630,E35000317,E56000030,E99999999,E92000001,"200508",,E54000054,"18524",E08000033,53.7600326538086,E37000062,,-1.89466798305511,E01010911,E01010911,E02002244,E02002244,E40000012,E00168675,E00168675,5A1,E99999999,"407042","1",E18000003,E08000033,"0429301",E05001376,E43000293,E65000001,HX2 9NG,HX2  9NG,HX2 9NG,E14001262,E23000010,E12000003,A1,UN1,E38000025,E30000029,"0",E33011722
"734593",E630,E35000317,E56000030,E99999999,E92000001,"200510",,E54000054,"18524",E08000033,53.7609786987305,E37000062,,-1.89443802833557,E01010911,E01010911,E02002244,E02002244,E40000012,E00168675,E00168675,5A1,E99999999,"407057","1",E18000003,E08000033,"0429406",E05001376,E43000293,E65000001,HX2 9NH,HX2  9NH,HX2 9NH,E14001262,E23000010,E12000003,A1,UN1,E38000025,E30000029,"0",E33011722
"734594",E630,E35000317,E56000030,E99999999,E92000001,"200505",,E54000054,"18524",E08000033,53.7603912353516,E37000062,,-1.89386296272278,E01010911,E01010911,E02002244,E02002244,E40000012,E00168672,E00168672,6B2,E99999999,"407095","1",E18000003,E08000033,"0429341",E05001376,E43000293,E65000001,HX2 9NJ,HX2  9NJ,HX2 9NJ,E14001262,E23000010,E12000003,A1,UN1,E38000025,E30000029,"0",E33011722
"734595",E630,E35000317,E56000030,E99999999,E92000001,"200507",,E54000054,"18524",E08000033,53.7614097595215,E37000062,,-1.89434599876404,E01010911,E01010911,E02002244,E02002244,E40000012,E00168672,E00168672,6B2,E99999999,"407063","1",E18000003,E08000033,"0429454",E05001376,E43000293,E65000001,HX2 9NL,HX2  9NL,HX2 9NL,E14001262,E23000010,E12000003,A1,UN1,E38000025,E30000029,"0",E33011722
"734596",E630,E35999999,E56000030,E99999999,E92000001,"198001",,E54000054,"18524",E08000033,53.7634887695312,E37000062,,-1.88875901699066,E01010911,E01010911,E02002244,E02002244,E40000012,E00055011,E00055011,1B2,E99999999,"407431","1",E18000003,E08000033,"0429686",E05001376,E43000293,E65000001,HX2 9NP,HX2  9NP,HX2 9NP,E14001262,E23000010,E12000003,F1,RSN1,E38000025,E30000029,"0",E33011722
"734597",E630,E35999999,E56000030,E99999999,E92000001,"198001",,E54000054,"18524",E08000033,53.7644195556641,E37000062,,-1.89342904090881,E01010911,E01010911,E02002244,E02002244,E40000012,E00055011,E00055011,1B2,E99999999,"407123","1",E18000003,E08000033,"0429789",E05001376,E43000293,E65000001,HX2 9NR,HX2  9NR,HX2 9NR,E14001262,E23000010,E12000003,F1,RSN1,E38000025,E30000029,"0",E33011722
"734598",,E35999999,E56000030,E99999999,E92000001,"198001",,E54000054,"18524",E08000033,53.7781944274902,E37000062,,-1.89143598079681,E01010911,E01010911,E02002244,E02002244,E40000012,E00055011,E00055011,1B2,E99999999,"407252","1",E18000003,E08000033,"0431322",E05001376,E43000293,E65000001,HX2 9NS,HX2  9NS,HX2 9NS,E14001262,E23000010,E12000003,F1,RSN1,E38000025,E30000029,"0",E33011722
"734599",,E35999999,E56000030,E99999999,E92000001,"198001",,E54000054,"18524",E08000033,53.7765769958496,E37000062,,-1.88030302524567,E01010911,E01010911,E02002244,E02002244,E40000012,E00055010,E00055010,6B2,E99999999,"407986","1",E18000003,E08000033,"0431143",E05001376,E43000293,E65000001,HX2 9NT,HX2  9NT,HX2 9NT,E14001262,E23000010,E12000003,F1,RSN1,E38000025,E30000029,"0",E33011722
"734600",,E35999999,E56000030,E99999999,E92000001,"198001",,E54000054,"18524",E08000033,53.7731895446777,E37000062,,-1.89351296424866,E01010911,E01010911,E02002244,E02002244,E40000012,E00055011,E00055011,1B2,E99999999,"407116","1",E18000003,E08000033,"0430765",E05001376,E43000293,E65000001,HX2 9NU,HX2  9NU,HX2 9NU,E14001262,E23000010,E12000003,F1,RSN1,E38000025,E30000029,"0",E33011722
"734601",E630,E35999999,E56000030,E99999999,E92000001,"198001",,E54000054,"18524",E08000033,53.7632675170898,E37000062,,-1.89154994487762,E01010911,E01010911,E02002244,E02002244,E40000012,E00055011,E00055011,1B2,E99999999,"407247","1",E18000003,E08000033,"0429661",E05001376,E43000293,E65000001,HX2 9NW,HX2  9NW,HX2 9NW,E14001262,E23000010,E12000003,F1,RSN1,E38000025,E30000029,"0",E33011722
"734602",,E35999999,E56000030,E99999999,E92000001,"198001",,E54000054,"18524",E08000033,53.7728462219238,E37000062,,-1.88896203041077,E01010911,E01010911,E02002244,E02002244,E40000012,E00055011,E00055011,1B2,E99999999,"407416","1",E18000003,E08000033,"0430727",E05001376,E43000293,E65000001,HX2 9NX,HX2  9NX,HX2 9NX,E14001262,E23000010,E12000003,F1,RSN1,E38000025,E30000029,"0",E33011722
"734603",,E35999999,E56000030,E99999999,E92000001,"198001",,E54000054,"18524",E08000033,53.7718620300293,E37000062,,-1.88612699508667,E01010911,E01010911,E02002244,E02002244,E40000012,E00055011,E00055011,1B2,E99999999,"407603","1",E18000003,E08000033,"0430618",E05001376,E43000293,E65000001,HX2 9PA,HX2  9PA,HX2 9PA,E14001262,E23000010,E12000003,F1,RSN1,E38000025,E30000029,"0",E33011722
"734604",,E35999999,E56000030,E99999999,E92000001,"198001",,E54000054,"18524",E08000033,53.7670516967773,E37000062,,-1.89061498641968,E01010911,E01010911,E02002244,E02002244,E40000012,E00055011,E00055011,1B2,E99999999,"407308","1",E18000003,E08000033,"0430082",E05001376,E43000293,E65000001,HX2 9PB,HX2  9PB,HX2 9PB,E14001262,E23000010,E12000003,F1,RSN1,E38000025,E30000029,"0",E33011722
"734605",,E35999999,E56000030,E99999999,E92000001,"198001",,E54000054,"18524",E08000033,53.7739105224609,E37000062,,-1.87371003627777,E01010911,E01010911,E02002244,E02002244,E40000012,E00055010,E00055010,6B2,E99999999,"408421","1",E18000003,E08000033,"0430847",E05001376,E43000293,E65000001,HX2 9PD,HX2  9PD,HX2 9PD,E14001262,E23000010,E12000003,F1,RSN1,E38000025,E30000029,"0",E33011722
"734606",E630,E35999999,E56000030,E99999999,E92000001,"198001",,E54000054,"18524",E08000033,53.767162322998,E37000062,,-1.88770198822021,E01010911,E01010911,E02002244,E02002244,E40000012,E00055011,E00055011,1B2,E99999999,"407500","1",E18000003,E08000033,"0430095",E05001376,E43000293,E65000001,HX2 9PE,HX2  9PE,HX2 9PE,E14001262,E23000010,E12000003,F1,RSN1,E38000025,E30000029,"0",E33011722
"734607",E630,E35999999,E56000030,E99999999,E92000001,"198001",,E54000054,"18524",E08000033,53.7668113708496,E37000062,,-1.88592803478241,E01010911,E01010911,E02002244,E02002244,E40000012,E00055011,E00055011,1B2,E99999999,"407617","1",E18000003,E08000033,"0430056",E05001376,E43000293,E65000001,HX2 9PF,HX2  9PF,HX2 9PF,E14001262,E23000010,E12000003,F1,RSN1,E38000025,E30000029,"0",E33011722
"734608",,E35999999,E56000030,E99999999,E92000001,"198001",,E54000054,"18524",E08000033,53.7793922424316,E37000062,,-1.89307200908661,E01010911,E01010911,E02002244,E02002244,E40000012,E00055011,E00055011,1B2,E99999999,"407144","1",E18000003,E08000033,"0431455",E05001376,E43000293,E65000001,HX2 9PG,HX2  9PG,HX2 9PG,E14001262,E23000010,E12000003,F1,RSN1,E38000025,E30000029,"0",E33011722
"734609",,E35999999,E56000030,E99999999,E92000001,"201611",,E54000054,"18524",E08000033,53.7781066894531,E37000062,,-1.88107204437256,E01010911,E01010911,E02002244,E02002244,E40000012,E00055010,E00055010,6B2,E99999999,"407935","1",E18000003,E08000033,"0431313",E05001376,E43000293,E65000001,HX2 9PH,HX2  9PH,HX2 9PH,E14001262,E23000010,E12000003,F1,RSN1,E38000025,E30000029,"0",E33011722
"734610",E630,E35999999,E56000030,E99999999,E92000001,"198001",,E54000054,"18524",E08000033,53.7656784057617,E37000062,,-1.88679599761963,E01010911,E01010911,E02002244,E02002244,E40000012,E00055011,E00055011,1B2,E99999999,"407560","1",E18000003,E08000033,"0429930",E05001376,E43000293,E65000001,HX2 9PQ,HX2  9PQ,HX2 9PQ,E14001262,E23000010,E12000003,F1,RSN1,E38000025,E30000029,"0",E33011722
"734611",,E35000317,E56000030,E99999999,E92000001,"202401",,E54000054,"18524",E08000033,53.7807426452637,E37000062,,-1.89452600479126,E01010911,E01010911,E02002244,E02002244,E40000012,E00055011,E00055011,1B2,E99999999,"407048","1",E18000003,E08000033,"0431605",E05001376,E43000293,E65000001,HX2 9PS,HX2  9PS,HX2 9PS,E14001262,E23000010,E12000003,F1,RSN1,E38000025,E30000029,"0",E33011722
"734612",E630,E35000317,E56000030,E99999999,E92000001,"198001",,E54000054,"23135",E08000033,53.7579689025879,E37000062,,-1.87929403781891,E01010913,E01010913,E02002244,E02002244,E40000012,E00055021,E00055021,6B3,E99999999,"408056","1",E18000003,E08000033,"0429073",E05001376,E43000293,E65000001,HX2 9PU,HX2  9PU,HX2 9PU,E14001262,E23000010,E12000003,A1,UN1,E38000025,E30000029,"0",E33011724
"734613",E630,E35000317,E56000030,E99999999,E92000001,"198001",,E54000054,"23135",E08000033,53.7578125,E37000062,,-1.88161504268646,E01010913,E01010913,E02002244,E02002244,E40000012,E00055021,E00055021,6B3,E99999999,"407903","1",E18000003,E08000033,"0429055",E05001376,E43000293,E65000001,HX2 9PX,HX2  9PX,HX2 9PX,E14001262,E23000010,E12000003,A1,UN1,E38000025,E30000029,"0",E33011724
"734614",E630,E35000317,E56000030,E99999999,E92000001,"198001",,E54000054,"23135",E08000033,53.7585105895996,E37000062,,-1.88024795055389,E01010913,E01010913,E02002244,E02002244,E40000012,E00055021,E00055021,6B3,E99999999,"407993","1",E18000003,E08000033,"0429133",E05001376,E43000293,E65000001,HX2 9PY,HX2  9PY,HX2 9PY,E14001262,E23000010,E12000003,A1,UN1,E38000025,E30000029,"0",E33011724
"734615",E630,E35000317,E56000030,E99999999,E92000001,"198001",,E54000054,"23135",E08000033,53.7590675354004,E37000062,,-1.88156604766846,E01010913,E01010913,E02002244,E02002244,E40000012,E00055017,E00055017,6B4,E99999999,"407906","1",E18000003,E08000033,"0429195",E05001376,E43000293,E65000001,HX2 9PZ,HX2  9PZ,HX2 9PZ,E14001262,E23000010,E12000003,A1,UN1,E38000025,E30000029,"0",E33011724
"734616",E630,E35000317,E56000030,E99999999,E92000001,"198001",,E54000054,"23135",E08000033,53.7589263916016,E37000062,,-1.88199102878571,E01010913,E01010913,E02002244,E02002244,E40000012,E00055021,E00055021,6B3,E99999999,"407878","1",E18000003,E08000033,"0429179",E05001376,E43000293,E65000001,HX2 9QA,HX2  9QA,HX2 9QA,E14001262,E23000010,E12000003,A1,UN1,E38000025,E30000029,"0",E33011724
"734617",E630,E35000317,E56000030,E99999999,E92000001,"198001",,E54000054,"23135",E08000033,53.760066986084,E37000062,,-1.88177502155304,E01010913,E01010913,E02002244,E02002244,E40000012,E00055017,E00055017,6B4,E99999999,"407892","1",E18000003,E08000033,"0429306",E05001376,E43000293,E65000001,HX2 9QB,HX2  9QB,HX2 9QB,E14001262,E23000010,E12000003,A1,UN1,E38000025,E30000029,"0",E33011724
"734618",E630,E35000317,E56000030,E99999999,E92000001,"198001",,E54000054,"23135",E08000033,53.7590217590332,E37000062,,-1.88032197952271,E01010913,E01010913,E02002244,E02002244,E40000012,E00055021,E00055021,6B3,E99999999,"407988","1",E18000003,E08000033,"0429190",E05001376,E43000293,E65000001,HX2 9QD,HX2  9QD,HX2 9QD,E14001262,E23000010,E12000003,A1,UN1,E38000025,E30000029,"0",E33011724
"734619",E630,E35000317,E56000030,E99999999,E92000001,"198001",,E54000054,"23135",E08000033,53.7603454589844,E37000062,,-1.88160800933838,E01010913,E01010913,E02002244,E02002244,E40000012,E00055017,E00055017,6B4,E99999999,"407903","1",E18000003,E08000033,"0429337",E05001376,E43000293,E65000001,HX2 9QE,HX2  9QE,HX2 9QE,E14001262,E23000010,E12000003,A1,UN1,E38000025,E30000029,"0",E33011724
"734620",E630,E35000317,E56000030,E99999999,E92000001,"198001",,E54000054,"18524",E08000033,53.7616157531738,E37000062,,-1.88345503807068,E01010911,E01010911,E02002244,E02002244,E40000012,E00168672,E00168672,6B2,E99999999,"407781","1",E18000003,E08000033,"0429478",E05001376,E43000293,E65000001,HX2 9QF,HX2  9QF,HX2 9QF,E14001262,E23000010,E12000003,A1,UN1,E38000025,E30000029,"0",E33011722
"734621",E630,E35000317,E56000030,E99999999,E92000001,"198001",,E54000054,"23135",E08000033,53.7612113952637,E37000062,,-1.88459300994873,E01010913,E01010913,E02002244,E02002244,E40000012,E00055016,E00055016,6B3,E99999999,"407706","1",E18000003,E08000033,"0429433",E05001376,E43000293,E65000001,HX2 9QG,HX2  9QG,HX2 9QG,E14001262,E23000010,E12000003,A1,UN1,E38000025,E30000029,"0",E33011724
"734622",E630,E35000317,E56000030,E99999999,E92000001,"198001",,E54000054,"23135",E08000033,53.7607688903809,E37000062,,-1.88383603096008,E01010913,E01010913,E02002244,E02002244,E40000012,E00055016,E00055016,6B3,E99999999,"407756","1",E18000003,E08000033,"0429384",E05001376,E43000293,E65000001,HX2 9QH,HX2  9QH,HX2 9QH,E14001262,E23000010,E12000003,A1,UN1,E38000025,E30000029,"0",E33011724
"734623",E630,E35000317,E56000030,E99999999,E92000001,"198001",,E54000054,"23135",E08000033,53.7603034973145,E37000062,,-1.88310897350311,E01010913,E01010913,E02002244,E02002244,E40000012,E00055016,E00055016,6B3,E99999999,"407804","1",E18000003,E08000033,"0429332",E05001376,E43000293,E65000001,HX2 9QJ,HX2  9QJ,HX2 9QJ,E14001262,E23000010,E12000003,A1,UN1,E38000025,E30000029,"0",E33011724
"734624",E630,E35000317,E56000030,E99999999,E92000001,"198001",,E54000054,"23135",E08000033,53.7600975036621,E37000062,,-1.88409602642059,E01010913,E01010913,E02002244,E02002244,E40000012,E00055016,E00055016,6B3,E99999999,"407739","1",E18000003,E08000033,"0429309",E05001376,E43000293,E65000001,HX2 9QL,HX2  9QL,HX2 9QL,E14001262,E23000010,E12000003,A1,UN1,E38000025,E30000029,"0",E33011724
"734625",E630,E35000317,E56000030,E99999999,E92000001,"198001",,E54000054,"23135",E08000033,53.7604103088379,E37000062,,-1.88523304462433,E01010913,E01010913,E02002244,E02002244,E40000012,E00055018,E00055018,6B3,E99999999,"407664","1",E18000003,E08000033,"0429344",E05001376,E43000293,E65000001,HX2 9QN,HX2  9QN,HX2 9QN,E14001262,E23000010,E12000003,A1,UN1,E38000025,E30000029,"0",E33011724
"734626",E630,E35000317,E56000030,E99999999,E92000001,"198001",,E54000054,"23135",E08000033,53.7591972351074,E37000062,,-1.88409805297852,E01010913,E01010913,E02002244,E02002244,E40000012,E00055017,E00055017,6B4,E99999999,"407739","1",E18000003,E08000033,"0429209",E05001376,E43000293,E65000001,HX2 9QP,HX2  9QP,HX2 9QP,E14001262,E23000010,E12000003,A1,UN1,E38000025,E30000029,"0",E33011724
"734627",E630,E35000317,E56000030,E99999999,E92000001,"198001",,E54000054,"23135",E08000033,53.7614974975586,E37000062,,-1.88529002666473,E01010913,E01010913,E02002244,E02002244,E40000012,E00055013,E00055013,8A1,E99999999,"407660","1",E18000003,E08000033,"0429465",E05001376,E43000293,E65000001,HX2 9QQ,HX2  9QQ,HX2 9QQ,E14001262,E23000010,E12000003,A1,UN1,E38000025,E30000029,"0",E33011724
"734628",E630,E35000317,E56000030,E99999999,E92000001,"198001",,E54000054,"23135",E08000033,53.7578735351562,E37000062,,-1.88308596611023,E01010913,E01010913,E02002244,E02002244,E40000012,E00055017,E00055017,6B4,E99999999,"407806","1",E18000003,E08000033,"0429062",E05001376,E43000293,E65000001,HX2 9QR,HX2  9QR,HX2 9QR,E14001262,E23000010,E12000003,A1,UN1,E38000025,E30000029,"0",E33011724
"734629",E630,E35000317,E56000030,E99999999,E92000001,"198001",,E54000054,"6079",E08000033,53.7572288513184,E37000062,,-1.88301205635071,E01010912,E01010912,E02002244,E02002244,E40000012,E00055025,E00055025,7C1,E99999999,"407811","1",E18000003,E08000033,"0428990",E05001376,E43000293,E65000001,HX2 9QS,HX2  9QS,HX2 9QS,E14001262,E23000010,E12000003,A1,UN1,E38000025,E30000029,"0",E33011724
"734630",E630,E35000317,E56000030,E99999999,E92000001,"198001",,E54000054,"23135",E08000033,53.7585868835449,E37000062,,-1.8833110332489,E01010913,E01010913,E02002244,E02002244,E40000012,E00055017,E00055017,6B4,E99999999,"407791","1",E18000003,E08000033,"0429141",E05001376,E43000293,E65000001,HX2 9QW,HX2  9QW,HX2 9QW,E14001262,E23000010,E12000003,A1,UN1,E38000025,E30000029,"0",E33011724
"734631",E630,E35000317,E56000030,E99999999,E92000001,"200803",,E54000054,"6079",E08000033,53.757755279541,E37000062,,-1.88862204551697,E01010912,E01010912,E02002244,E02002244,E40000012,E00055020,E00055020,"8D2",E99999999,"407441","1",E18000003,E08000033,"0429048",E05001376,E43000293,E65000001,HX2 9RD,HX2  9RD,HX2 9RD,E14001262,E23000010,E12000003,A1,UN1,E38000025,E30000029,"0",E33011724
"734632",E630,E35000317,E56000030,E99999999,E92000001,"200709",,E54000054,"6079",E08000033,53.7573394775391,E37000062,,-1.88763701915741,E01010912,E01010912,E02002244,E02002244,E40000012,E00055020,E00055020,"8D2",E99999999,"407506","1",E18000003,E08000033,"0429002",E05001376,E43000293,E65000001,HX2 9RE,HX2  9RE,HX2 9RE,E14001262,E23000010,E12000003,A1,UN1,E38000025,E30000029,"0",E33011724
"734633",E630,E35000317,E56000030,E99999999,E92000001,"200709",,E54000054,"6079",E08000033,53.7548751831055,E37000062,,-1.88597595691681,E01010912,E01010912,E02002244,E02002244,E40000012,E00055028,E00055028,7A3,E99999999,"407616","1",E18000003,E08000033,"0428728",E05001376,E43000293,E65000001,HX2 9RF,HX2  9RF,HX2 9RF,E14001262,E23000010,E12000003,A1,UN1,E38000025,E30000029,"0",E33011724
"734634",E630,E35000317,E56000030,E99999999,E92000001,"198001",,E54000054,"6079",E08000033,53.7540130615234,E37000062,,-1.88704001903534,E01010912,E01010912,E02002244,E02002244,E40000012,E00055028,E00055028,7A3,E99999999,"407546","1",E18000003,E08000033,"0428632",E05001376,E43000293,E65000001,HX2 9RG,HX2  9RG,HX2 9RG,E14001262,E23000010,E12000003,A1,UN1,E38000025,E30000029,"0",E33011724
"734635",E630,E35000317,E56000030,E99999999,E92000001,"198001",,E54000054,"6079",E08000033,53.7560348510742,E37000062,,-1.8853360414505,E01010912,E01010912,E02002244,E02002244,E40000012,E00055028,E00055028,7A3,E99999999,"407658","1",E18000003,E08000033,"0428857",E05001376,E43000293,E65000001,HX2 9RH,HX2  9RH,HX2 9RH,E14001262,E23000010,E12000003,A1,UN1,E38000025,E30000029,"0",E33011724
"734636",E630,E35000317,E56000030,E99999999,E92000001,"198001",,E54000054,"6079",E08000033,53.7572402954102,E37000062,,-1.88586294651031,E01010912,E01010912,E02002244,E02002244,E40000012,E00055028,E00055028,7A3,E99999999,"407623","1",E18000003,E08000033,"0428991",E05001376,E43000293,E65000001,HX2 9RJ,HX2  9RJ,HX2 9RJ,E14001262,E23000010,E12000003,A1,UN1,E38000025,E30000029,"0",E33011724
"734637",E630,E35000317,E56000030,E99999999,E92000001,"198001",,E54000054,"6079",E08000033,53.7567825317383,E37000062,,-1.88739597797394,E01010912,E01010912,E02002244,E02002244,E40000012,E00055020,E00055020,"8D2",E99999999,"407522","1",E18000003,E08000033,"0428940",E05001376,E43000293,E65000001,HX2 9RL,HX2  9RL,HX2 9RL,E14001262,E23000010,E12000003,A1,UN1,E38000025,E30000029,"0",E33011724
"734638",E630,E35000317,E56000030,E99999999,E92000001,"198001",,E54000054,"6079",E08000033,53.756217956543,E37000062,,-1.88917195796967,E01010912,E01010912,E02002244,E02002244,E40000012,E00055020,E00055020,"8D2",E99999999,"407405","1",E18000003,E08000033,"0428877",E05001376,E43000293,E65000001,HX2 9RN,HX2  9RN,HX2 9RN,E14001262,E23000010,E12000003,A1,UN1,E38000025,E30000029,"0",E33011724
"734639",E630,E35000317,E56000030,E99999999,E92000001,"198001",,E54000054,"6079",E08000033,53.757682800293,E37000062,,-1.88806104660034,E01010912,E01010912,E02002244,E02002244,E40000012,E00055020,E00055020,"8D2",E99999999,"407478","1",E18000003,E08000033,"0429040",E05001376,E43000293,E65000001,HX2 9RP,HX2  9RP,HX2 9RP,E14001262,E23000010,E12000003,A1,UN1,E38000025,E30000029,"0",E33011724
"734640",E630,E35000317,E56000030,E99999999,E92000001,"198001",,E54000054,"6079",E08000033,53.7552452087402,E37000062,,-1.88605105876923,E01010912,E01010912,E02002244,E02002244,E40000012,E00055028,E00055028,7A3,E99999999,"407611","1",E18000003,E08000033,"0428769",E05001376,E43000293,E65000001,HX2 9RQ,HX2  9RQ,HX2 9RQ,E14001262,E23000010,E12000003,A1,UN1,E38000025,E30000029,"0",E33011724
"734641",E630,E35000317,E56000030,E99999999,E92000001,"198001",,E54000054,"6079",E08000033,53.7597236633301,E37000062,,-1.89004302024841,E01010912,E01010912,E02002244,E02002244,E40000012,E00055015,E00055015,6B3,E99999999,"407347","1",E18000003,E08000033,"0429267",E05001376,E43000293,E65000001,HX2 9RR,HX2  9RR,HX2 9RR,E14001262,E23000010,E12000003,A1,UN1,E38000025,E30000029,"0",E33011724
"734642",E630,E35000317,E56000030,E99999999,E92000001,"198001",,E54000054,"6079",E08000033,53.7605514526367,E37000062,,-1.88960099220276,E01010912,E01010912,E02002244,E02002244,E40000012,E00055015,E00055015,6B3,E99999999,"407376","1",E18000003,E08000033,"0429359",E05001376,E43000293,E65000001,HX2 9RS,HX2  9RS,HX2 9RS,E14001262,E23000010,E12000003,A1,UN1,E38000025,E30000029,"0",E33011724
"734643",E630,E35000317,E56000030,E99999999,E92000001,"198001",,E54000054,"6079",E08000033,53.7609634399414,E37000062,,-1.88878095149994,E01010912,E01010912,E02002244,E02002244,E40000012,E00054999,E00054999,8B2,E99999999,"407430","1",E18000003,E08000033,"0429405",E05001376,E43000293,E65000001,HX2 9RT,HX2  9RT,HX2 9RT,E14001262,E23000010,E12000003,A1,UN1,E38000025,E30000029,"0",E33011724
"734644",E630,E35000317,E56000030,E99999999,E92000001,"198001",,E54000054,"6079",E08000033,53.7601432800293,E37000062,,-1.88838803768158,E01010912,E01010912,E02002244,E02002244,E40000012,E00055015,E00055015,6B3,E99999999,"407456","1",E18000003,E08000033,"0429314",E05001376,E43000293,E65000001,HX2 9RU,HX2  9RU,HX2 9RU,E14001262,E23000010,E12000003,A1,UN1,E38000025,E30000029,"0",E33011724
"734645",E630,E35000317,E56000030,E99999999,E92000001,"198001",,E54000054,"6079",E08000033,53.7570457458496,E37000062,,-1.88871502876282,E01010912,E01010912,E02002244,E02002244,E40000012,E00054999,E00054999,8B2,E99999999,"407435","1",E18000003,E08000033,"0428969",E05001376,E43000293,E65000001,HX2 9RW,HX2  9RW,HX2 9RW,E14001262,E23000010,E12000003,A1,UN1,E38000025,E30000029,"0",E33011724
"734646",E630,E35000317,E56000030,E99999999,E92000001,"198001",,E54000054,"6079",E08000033,53.7590026855469,E37000062,,-1.8879519701004,E01010912,E01010912,E02002244,E02002244,E40000012,E00054999,E00054999,8B2,E99999999,"407485","1",E18000003,E08000033,"0429187",E05001376,E43000293,E65000001,HX2 9RX,HX2  9RX,HX2 9RX,E14001262,E23000010,E12000003,A1,UN1,E38000025,E30000029,"0",E33011724
"734647",E630,E35000317,E56000030,E99999999,E92000001,"198001",,E54000054,"23135",E08000033,53.7612953186035,E37000062,,-1.88771796226501,E01010913,E01010913,E02002244,E02002244,E40000012,E00055013,E00055013,8A1,E99999999,"407500","1",E18000003,E08000033,"0429442",E05001376,E43000293,E65000001,HX2 9RY,HX2  9RY,HX2 9RY,E14001262,E23000010,E12000003,A1,UN1,E38000025,E30000029,"0",E33011724
"734648",E630,E35000317,E56000030,E99999999,E92000001,"198001",,E54000054,"23135",E08000033,53.7607727050781,E37000062,,-1.88644504547119,E01010913,E01010913,E02002244,E02002244,E40000012,E00055018,E00055018,6B3,E99999999,"407584","1",E18000003,E08000033,"0429384",E05001376,E43000293,E65000001,HX2 9RZ,HX2  9RZ,HX2 9RZ,E14001262,E23000010,E12000003,A1,UN1,E38000025,E30000029,"0",E33011724
"734649",E630,E35000317,E56000030,E99999999,E92000001,"198001",,E54000054,"23135",E08000033,53.759651184082,E37000062,,-1.8874340057373,E01010913,E01010913,E02002244,E02002244,E40000012,E00055018,E00055018,6B3,E99999999,"407519","1",E18000003,E08000033,"0429259",E05001376,E43000293,E65000001,HX2 9SA,HX2  9SA,HX2 9SA,E14001262,E23000010,E12000003,A1,UN1,E38000025,E30000029,"0",E33011724
"734650",E630,E35000317,E56000030,E99999999,E92000001,"198001",,E54000054,"23135",E08000033,53.7595062255859,E37000062,,-1.88714599609375,E01010913,E01010913,E02002244,E02002244,E40000012,E00055018,E00055018,6B3,E99999999,"407538","1",E18000003,E08000033,"0429243",E05001376,E43000293,E65000001,HX2 9SB,HX2  9SB,HX2 9SB,E14001262,E23000010,E12000003,A1,UN1,E38000025,E30000029,"0",E33011724
"734651",E630,E35000317,E56000030,E99999999,E92000001,"198001",,E54000054,"6079",E08000033,53.7581825256348,E37000062,,-1.88687694072723,E01010912,E01010912,E02002244,E02002244,E40000012,E00055020,E00055020,"8D2",E99999999,"407556","1",E18000003,E08000033,"0429096",E05001376,E43000293,E65000001,HX2 9SD,HX2  9SD,HX2 9SD,E14001262,E23000010,E12000003,A1,UN1,E38000025,E30000029,"0",E33011724
"734652",E630,E35000317,E56000030,E99999999,E92000001,"198001",,E54000054,"6079",E08000033,53.7576179504395,E37000062,,-1.88569498062134,E01010912,E01010912,E02002244,E02002244,E40000012,E00055025,E00055025,7C1,E99999999,"407634","1",E18000003,E08000033,"0429033",E05001376,E43000293,E65000001,HX2 9SE,HX2  9SE,HX2 9SE,E14001262,E23000010,E12000003,A1,UN1,E38000025,E30000029,"0",E33011724
"734653",E630,E35000317,E56000030,E99999999,E92000001,"198001",,E54000054,"23135",E08000033,53.7578125,E37000062,,-1.88482999801636,E01010913,E01010913,E02002244,E02002244,E40000012,E00055017,E00055017,6B4,E99999999,"407691","1",E18000003,E08000033,"0429055",E05001376,E43000293,E65000001,HX2 9SF,HX2  9SF,HX2 9SF,E14001262,E23000010,E12000003,A1,UN1,E38000025,E30000029,"0",E33011724
"734654",E630,E35000317,E56000030,E99999999,E92000001,"198001",,E54000054,"6079",E08000033,53.7568168640137,E37000062,,-1.88424098491669,E01010912,E01010912,E02002244,E02002244,E40000012,E00055025,E00055025,7C1,E99999999,"407730","1",E18000003,E08000033,"0428944",E05001376,E43000293,E65000001,HX2 9SG,HX2  9SG,HX2 9SG,E14001262,E23000010,E12000003,A1,UN1,E38000025,E30000029,"0",E33011724
"734655",E630,E35000317,E56000030,E99999999,E92000001,"198001",,E54000054,"23135",E08000033,53.7590560913086,E37000062,,-1.88631296157837,E01010913,E01010913,E02002244,E02002244,E40000012,E00055018,E00055018,6B3,E99999999,"407593","1",E18000003,E08000033,"0429193",E05001376,E43000293,E65000001,HX2 9SH,HX2  9SH,HX2 9SH,E14001262,E23000010,E12000003,A1,UN1,E38000025,E30000029,"0",E33011724
"734656",E630,E35000317,E56000030,E99999999,E92000001,"199906",,E54000054,"18947",E08000033,53.7568550109863,E37000062,,-1.87987303733826,E01010915,E01010915,E02002244,E02002244,E40000012,E00055002,E00055002,5B2,E99999999,"408018","1",E18000003,E08000033,"0428949",E05001376,E43000293,E65000001,HX2 9SJ,HX2  9SJ,HX2 9SJ,E14001262,E23000010,E12000003,A1,UN1,E38000025,E30000029,"0",E33009361
"734657",E630,E35000317,E56000030,E99999999,E92000001,"199906",,E54000054,"18947",E08000033,53.7574310302734,E37000062,,-1.87878000736237,E01010915,E01010915,E02002244,E02002244,E40000012,E00055002,E00055002,5B2,E99999999,"408090","1",E18000003,E08000033,"0429013",E05001376,E43000293,E65000001,HX2 9SL,HX2  9SL,HX2 9SL,E14001262,E23000010,E12000003,A1,UN1,E38000025,E30000029,"0",E33009361
"734658",E630,E35000317,E56000030,E99999999,E92000001,"199906",,E54000054,"18947",E08000033,53.7568359375,E37000062,,-1.8786449432373,E01010915,E01010915,E02002244,E02002244,E40000012,E00055002,E00055002,5B2,E99999999,"408099","1",E18000003,E08000033,"0428947",E05001376,E43000293,E65000001,HX2 9SN,HX2  9SN,HX2 9SN,E14001262,E23000010,E12000003,A1,UN1,E38000025,E30000029,"0",E33009361
"734659",E630,E35000317,E56000030,E99999999,E92000001,"198001",,E54000054,"18947",E08000033,53.7545509338379,E37000062,,-1.88450503349304,E01010915,E01010915,E02002244,E02002244,E40000012,E00055027,E00055027,8A1,E99999999,"407713","1",E18000003,E08000033,"0428692",E05001376,E43000293,E65000001,HX2 9SP,HX2  9SP,HX2 9SP,E14001262,E23000010,E12000003,A1,UN1,E38000025,E30000029,"0",E33011724
"734660",E630,E35000317,E56000030,E99999999,E92000001,"198001",,E54000054,"23135",E08000033,53.7594413757324,E37000062,,-1.8855539560318,E01010913,E01010913,E02002244,E02002244,E40000012,E00055018,E00055018,6B3,E99999999,"407643","1",E18000003,E08000033,"0429236",E05001376,E43000293,E65000001,HX2 9SQ,HX2  9SQ,HX2 9SQ,E14001262,E23000010,E12000003,A1,UN1,E38000025,E30000029,"0",E33011724
"734661",E630,E35000317,E56000030,E99999999,E92000001,"198001",,E54000054,"18947",E08000033,53.7550201416016,E37000062,,-1.88520205020905,E01010915,E01010915,E02002244,E02002244,E40000012,E00055027,E00055027,8A1,E99999999,"407667","1",E18000003,E08000033,"0428744",E05001376,E43000293,E65000001,HX2 9SR,HX2  9SR,HX2 9SR,E14001262,E23000010,E12000003,A1,UN1,E38000025,E30000029,"0",E33011724
"734662",E630,E35000317,E56000030,E99999999,E92000001,"198001",,E54000054,"18947",E08000033,53.7541732788086,E37000062,,-1.88593196868896,E01010915,E01010915,E02002244,E02002244,E40000012,E00055027,E00055027,8A1,E99999999,"407619","1",E18000003,E08000033,"0428650",E05001376,E43000293,E65000001,HX2 9SS,HX2  9SS,HX2 9SS,E14001262,E23000010,E12000003,A1,UN1,E38000025,E30000029,"0",E33011724
"734663",E630,E35000317,E56000030,E99999999,E92000001,"198001",,E54000054,"18947",E08000033,53.7565612792969,E37000062,,-1.88292300701141,E01010915,E01010915,E02002244,E02002244,E40000012,E00055027,E00055027,8A1,E99999999,"407817","1",E18000003,E08000033,"0428916",E05001376,E43000293,E65000001,HX2 9ST,HX2  9ST,HX2 9ST,E14001262,E23000010,E12000003,A1,UN1,E38000025,E30000029,"0",E33011724
"734664",E630,E35000317,E56000030,E99999999,E92000001,"198001",,E54000054,"18947",E08000033,53.7556533813477,E37000062,,-1.88280403614044,E01010915,E01010915,E02002244,E02002244,E40000012,E00055027,E00055027,8A1,E99999999,"407825","1",E18000003,E08000033,"0428815",E05001376,E43000293,E65000001,HX2 9SU,HX2  9SU,HX2 9SU,E14001262,E23000010,E12000003,A1,UN1,E38000025,E30000029,"1",E33011724
"734665",E630,E35000317,E56000030,E99999999,E92000001,"198001",,E54000054,"18947",E08000033,53.7541465759277,E37000062,,-1.88440001010895,E01010915,E01010915,E02002244,E02002244,E40000012,E00055027,E00055027,8A1,E99999999,"407720","1",E18000003,E08000033,"0428647",E05001376,E43000293,E65000001,HX2 9SW,HX2  9SW,HX2 9SW,E14001262,E23000010,E12000003,A1,UN1,E38000025,E30000029,"0",E33011724
"734666",E630,E35000317,E56000030,E99999999,E92000001,"198001",,E54000054,"23135",E08000033,53.7576675415039,E37000062,,-1.88055396080017,E01010913,E01010913,E02002244,E02002244,E40000012,E00055021,E00055021,6B3,E99999999,"407973","1",E18000003,E08000033,"0429039",E05001376,E43000293,E65000001,HX2 9SX,HX2  9SX,HX2 9SX,E14001262,E23000010,E12000003,A1,UN1,E38000025,E30000029,"0",E33011724
"734667",E630,E35000317,E56000030,E99999999,E92000001,"198001",,E54000054,"18947",E08000033,53.7577438354492,E37000062,,-1.87814199924469,E01010915,E01010915,E02002244,E02002244,E40000012,E00055002,E00055002,5B2,E99999999,"408132","1",E18000003,E08000033,"0429048",E05001376,E43000293,E65000001,HX2 9SZ,HX2  9SZ,HX2 9SZ,E14001262,E23000010,E12000003,A1,UN1,E38000025,E30000029,"0",E33009361
"734668",E630,E35000317,E56000030,E99999999,E92000001,"199512",,E54000054,"18947",E08000033,53.757152557373,E37000062,,-1.87743103504181,E01010915,E01010915,E02002244,E02002244,E40000012,E00055002,E00055002,5B2,E99999999,"408179","1",E18000003,E08000033,"0428982",E05001376,E43000293,E65000001,HX2 9TB,HX2  9TB,HX2 9TB,E14001262,E23000010,E12000003,A1,UN1,E38000025,E30000029,"0",E33009361
"734669",E630,E35000317,E56000030,E99999999,E92000001,"198001",,E54000054,"18947",E08000033,53.7578163146973,E37000062,,-1.87683701515198,E01010915,E01010915,E02002244,E02002244,E40000012,E00055002,E00055002,5B2,E99999999,"408218","1",E18000003,E08000033,"0429056",E05001376,E43000293,E65000001,HX2 9TE,HX2  9TE,HX2 9TE,E14001262,E23000010,E12000003,A1,UN1,E38000025,E30000029,"0",E33009361
"734670",E630,E35000317,E56000030,E99999999,E92000001,"198001",,E54000054,"18947",E08000033,53.757884979248,E37000062,,-1.87632095813751,E01010915,E01010915,E02002244,E02002244,E40000012,E00055002,E00055002,5B2,E99999999,"408252","1",E18000003,E08000033,"0429064",E05001376,E43000293,E65000001,HX2 9TF,HX2  9TF,HX2 9TF,E14001262,E23000010,E12000003,A1,UN1,E38000025,E30000029,"0",E33009361
"734671",E630,E35000317,E56000030,E99999999,E92000001,"198001",,E54000054,"18947",E08000033,53.7577590942383,E37000062,,-1.87527501583099,E01010915,E01010915,E02002244,E02002244,E40000012,E00055002,E00055002,5B2,E99999999,"408321","1",E18000003,E08000033,"0429050",E05001376,E43000293,E65000001,HX2 9TG,HX2  9TG,HX2 9TG,E14001262,E23000010,E12000003,A1,UN1,E38000025,E30000029,"0",E33009361
"734672",E630,E35000317,E56000030,E99999999,E92000001,"198001",,E54000054,"18947",E08000033,53.7560691833496,E37000062,,-1.87467300891876,E01010915,E01010915,E02002244,E02002244,E40000012,E00055002,E00055002,5B2,E99999999,"408361","1",E18000003,E08000033,"0428862",E05001376,E43000293,E65000001,HX2 9TH,HX2  9TH,HX2 9TH,E14001262,E23000010,E12000003,A1,UN1,E38000025,E30000029,"0",E33009361
"734673",E630,E35000317,E56000030,E99999999,E92000001,"198001",,E54000054,"18947",E08000033,53.7573356628418,E37000062,,-1.87536704540253,E01010915,E01010915,E02002244,E02002244,E40000012,E00055002,E00055002,5B2,E99999999,"408315","1",E18000003,E08000033,"0429003",E05001376,E43000293,E65000001,HX2 9TJ,HX2  9TJ,HX2 9TJ,E14001262,E23000010,E12000003,A1,UN1,E38000025,E30000029,"0",E33009361
"734674",E630,E35000317,E56000030,E99999999,E92000001,"198001",,E54000054,"18947",E08000033,53.7585411071777,E37000062,,-1.8738169670105,E01010915,E01010915,E02002244,E02002244,E40000012,E00055002,E00055002,5B2,E99999999,"408417","1",E18000003,E08000033,"0429137",E05001376,E43000293,E65000001,HX2 9TN,HX2  9TN,HX2 9TN,E14001262,E23000010,E12000003,A1,UN1,E38000025,E30000029,"0",E33009361
"734675",E630,E35000317,E56000030,E99999999,E92000001,"199512",,E54000054,"18947",E08000033,53.758674621582,E37000062,,-1.87295198440552,E01010915,E01010915,E02002244,E02002244,E40000012,E00055002,E00055002,5B2,E99999999,"408474","1",E18000003,E08000033,"0429152",E05001376,E43000293,E65000001,HX2 9TP,HX2  9TP,HX2 9TP,E14001262,E23000010,E12000003,A1,UN1,E38000025,E30000029,"1",E33009361
"734676",E630,E35000317,E56000030,E99999999,E92000001,"199906",,E54000054,"18947",E08000033,53.7563362121582,E37000062,,-1.8808000087738,E01010915,E01010915,E02002244,E02002244,E40000012,E00055027,E00055027,8A1,E99999999,"407957","1",E18000003,E08000033,"0428891",E05001376,E43000293,E65000001,HX2 9TR,HX2  9TR,HX2 9TR,E14001262,E23000010,E12000003,A1,UN1,E38000025,E30000029,"0",E33011724
"734677",E630,E35000317,E56000030,E99999999,E92000001,"201503",,E54000054,"23135",E08000033,53.7594146728516,E37000062,,-1.88663101196289,E01010913,E01010913,E02002244,E02002244,E40000012,E00055018,E00055018,6B3,E99999999,"407572","1",E18000003,E08000033,"0429233",E05001376,E43000293,E65000001,HX2 9TS,HX2  9TS,HX2 9TS,E14001262,E23000010,E12000003,A1,UN1,E38000025,E30000029,"0",E33011724
"734678",E630,E35000317,E56000030,E99999999,E92000001,"201211",,E54000054,"18947",E08000033,53.7549171447754,E37000062,,-1.87281095981598,E01010915,E01010915,E02002244,E02002244,E40000012,E00055002,E00055002,5B2,E99999999,"408484","1",E18000003,E08000033,"0428734",E05001376,E43000293,E65000001,HX2 9TU,HX2  9TU,HX2 9TU,E14001262,E23000010,E12000003,A1,UN1,E38000025,E30000029,"0",E33009361
"734679",E630,E35000317,E56000030,E99999999,E92000001,"198307",,E54000054,"18947",E08000033,53.7573432922363,E37000062,,-1.87467002868652,E01010915,E01010915,E02002244,E02002244,E40000012,E00055002,E00055002,5B2,E99999999,"408361","1",E18000003,E08000033,"0429004",E05001376,E43000293,E65000001,HX2 9TW,HX2  9TW,HX2 9TW,E14001262,E23000010,E12000003,A1,UN1,E38000025,E30000029,"0",E33009361
"734680",E630,E35000317,E56000030,E99999999,E92000001,"200707",,E54000054,"18947",E08000033,53.757625579834,E37000062,,-1.8771870136261,E01010915,E01010915,E02002244,E02002244,E40000012,E00055002,E00055002,5B2,E99999999,"408195","1",E18000003,E08000033,"0429035",E05001376,E43000293,E65000001,HX2 9TX,HX2  9TX,HX2 9TX,E14001262,E23000010,E12000003,A1,UN1,E38000025,E30000029,"0",E33009361
"734681",E630,E35000317,E56000030,E99999999,E92000001,"201208",,E54000054,"18947",E08000033,53.7539672851562,E37000062,,-1.87587797641754,E01010915,E01010915,E02002244,E02002244,E40000012,E00055023,E00055023,8A1,E99999999,"408282","1",E18000003,E08000033,"0428628",E05001376,E43000293,E65000001,HX2 9TZ,HX2  9TZ,HX2 9TZ,E14001262,E23000010,E12000003,A1,UN1,E38000025,E30000029,"0",E33011723
"734682",,E35999999,E56000030,E99999999,E92000001,"200206",,E54000054,"18524",E08000033,53.7703628540039,E37000062,,-1.87737703323364,E01010911,E01010911,E02002244,E02002244,E40000012,E00055012,E00055012,5A1,E99999999,"408180","1",E18000003,E08000033,"0430452",E05001376,E43000293,E65000001,HX2 9UA,HX2  9UA,HX2 9UA,E14001262,E23000010,E12000003,E1,RSN1,E38000025,E30000029,"0",E33011722
"734684",E630,E35000317,E56000030,E99999999,E92000001,"198001",,E54000054,"18947",E08000033,53.7529258728027,E37000062,,-1.8864209651947,E01010915,E01010915,E02002244,E02002244,E40000012,E00055023,E00055023,8A1,E99999999,"407587","1",E18000003,E08000033,"0428511",E05001376,E43000293,E65000001,HX2 9UF,HX2  9UF,HX2 9UF,E14001262,E23000010,E12000003,A1,UN1,E38000025,E30000029,"0",E33011723
"734685",E630,E35000317,E56000030,E99999999,E92000001,"198001",,E54000054,"18947",E08000033,53.753002166748,E37000062,,-1.88355398178101,E01010915,E01010915,E02002244,E02002244,E40000012,E00055023,E00055023,8A1,E99999999,"407776","1",E18000003,E08000033,"0428520",E05001376,E43000293,E65000001,HX2 9UG,HX2  9UG,HX2 9UG,E14001262,E23000010,E12000003,A1,UN1,E38000025,E30000029,"0",E33011723
"734686",E630,E35000317,E56000030,E99999999,E92000001,"198001",,E54000054,"18947",E08000033,53.7537956237793,E37000062,,-1.88440096378326,E01010915,E01010915,E02002244,E02002244,E40000012,E00055023,E00055023,8A1,E99999999,"407720","1",E18000003,E08000033,"0428608",E05001376,E43000293,E65000001,HX2 9UH,HX2  9UH,HX2 9UH,E14001262,E23000010,E12000003,A1,UN1,E38000025,E30000029,"0",E33011723
"734687",E630,E35000317,E56000030,E99999999,E92000001,"198001",,E54000054,"18947",E08000033,53.7540473937988,E37000062,,-1.8829300403595,E01010915,E01010915,E02002244,E02002244,E40000012,E00055027,E00055027,8A1,E99999999,"407817","1",E18000003,E08000033,"0428636",E05001376,E43000293,E65000001,HX2 9UL,HX2  9UL,HX2 9UL,E14001262,E23000010,E12000003,A1,UN1,E38000025,E30000029,"0",E33011724
"734688",E630,E35000317,E56000030,E99999999,E92000001,"198001",,E54000054,"18947",E08000033,53.7528533935547,E37000062,,-1.87853503227234,E01010915,E01010915,E02002244,E02002244,E40000012,E00055023,E00055023,8A1,E99999999,"408107","1",E18000003,E08000033,"0428504",E05001376,E43000293,E65000001,HX2 9UN,HX2  9UN,HX2 9UN,E14001262,E23000010,E12000003,A1,UN1,E38000025,E30000029,"0",E33011723
"734689",E630,E35000317,E56000030,E99999999,E92000001,"198001",,E54000054,"18947",E08000033,53.7521781921387,E37000062,,-1.87610995769501,E01010915,E01010915,E02002244,E02002244,E40000012,E00055004,E00055004,5A1,E99999999,"408267","1",E18000003,E08000033,"0428429",E05001376,E43000293,E65000001,HX2 9UP,HX2  9UP,HX2 9UP,E14001262,E23000010,E12000003,A1,UN1,E38000025,E30000029,"0",E33011723
"734690",E630,E35000317,E56000030,E99999999,E92000001,"198001",,E54000054,"18947",E08000033,53.7535362243652,E37000062,,-1.88425004482269,E01010915,E01010915,E02002244,E02002244,E40000012,E00055023,E00055023,8A1,E99999999,"407730","1",E18000003,E08000033,"0428579",E05001376,E43000293,E65000001,HX2 9UQ,HX2  9UQ,HX2 9UQ,E14001262,E23000010,E12000003,A1,UN1,E38000025,E30000029,"0",E33011723
"734691",E630,E35000317,E56000030,E99999999,E92000001,"198001",,E54000054,"18947",E08000033,53.7627449035645,E37000062,,-1.88149499893188,E01010915,E01010915,E02002244,E02002244,E40000012,E00055002,E00055002,5B2,E99999999,"407910","1",E18000003,E08000033,"0429604",E05001376,E43000293,E65000001,HX2 9UR,HX2  9UR,HX2 9UR,E14001262,E23000010,E12000003,A1,UN1,E38000025,E30000029,"0",E33009361
"734692",,E35999999,E56000030,E99999999,E92000001,"198001",,E54000054,"18947",E08000033,53.7639236450195,E37000062,,-1.88099098205566,E01010915,E01010915,E02002244,E02002244,E40000012,E00055002,E00055002,5B2,E99999999,"407943","1",E18000003,E08000033,"0429735",E05001376,E43000293,E65000001,HX2 9UT,HX2  9UT,HX2 9UT,E14001262,E23000010,E12000003,A1,UN1,E38000025,E30000029,"0",E33009361
"734693",E630,E35999999,E56000030,E99999999,E92000001,"198001",,E54000054,"18524",E08000033,53.7639350891113,E37000062,,-1.88514697551727,E01010911,E01010911,E02002244,E02002244,E40000012,E00168672,E00168672,6B2,E99999999,"407669","1",E18000003,E08000033,"0429736",E05001376,E43000293,E65000001,HX2 9UU,HX2  9UU,HX2 9UU,E14001262,E23000010,E12000003,A1,UN1,E38000025,E30000029,"0",E33011722
"734694",E630,E35000317,E56000030,E99999999,E92000001,"198001",,E54000054,"18947",E08000033,53.7524833679199,E37000062,,-1.87671601772308,E01010915,E01010915,E02002244,E02002244,E40000012,E00055004,E00055004,5A1,E99999999,"408227","1",E18000003,E08000033,"0428463",E05001376,E43000293,E65000001,HX2 9UW,HX2  9UW,HX2 9UW,E14001262,E23000010,E12000003,A1,UN1,E38000025,E30000029,"0",E33011723
"734695",E630,E35999999,E56000030,E99999999,E92000001,"198001",,E54000054,"18524",E08000033,53.7649879455566,E37000062,,-1.8863730430603,E01010911,E01010911,E02002244,E02002244,E40000012,E00055011,E00055011,1B2,E99999999,"407588","1",E18000003,E08000033,"0429853",E05001376,E43000293,E65000001,HX2 9UX,HX2  9UX,HX2 9UX,E14001262,E23000010,E12000003,F1,RSN1,E38000025,E30000029,"0",E33011722
"734696",E630,E35999999,E56000030,E99999999,E92000001,"198001",,E54000054,"18524",E08000033,53.7655906677246,E37000062,,-1.88565897941589,E01010911,E01010911,E02002244,E02002244,E40000012,E00055011,E00055011,1B2,E99999999,"407635","1",E18000003,E08000033,"0429920",E05001376,E43000293,E65000001,HX2 9UY,HX2  9UY,HX2 9UY,E14001262,E23000010,E12000003,F1,RSN1,E38000025,E30000029,"0",E33011722
"734697",E630,E35999999,E56000030,E99999999,E92000001,"198001",,E54000054,"18524",E08000033,53.767879486084,E37000062,,-1.88225400447845,E01010911,E01010911,E02002244,E02002244,E40000012,E00055010,E00055010,6B2,E99999999,"407859","1",E18000003,E08000033,"0430175",E05001376,E43000293,E65000001,HX2 9UZ,HX2  9UZ,HX2 9UZ,E14001262,E23000010,E12000003,F1,RSN1,E38000025,E30000029,"0",E33011722
"734698",E630,E35000317,E56000030,E99999999,E92000001,"201708",,E54000054,"18947",E08000033,53.7621955871582,E37000062,,-1.88107204437256,E01010915,E01010915,E02002244,E02002244,E40000012,E00055002,E00055002,5B2,E99999999,"407938","1",E18000003,E08000033,"0429543",E05001376,E43000293,E65000001,HX2 9WA,HX2  9WA,HX2 9WA,E14001262,E23000010,E12000003,A1,UN1,E38000025,E30000029,"0",E33009361
"734699",E630,E35000317,E56000030,E99999999,E92000001,"201902",,E54000054,"18947",E08000033,53.7579612731934,E37000062,,-1.87795901298523,E01010915,E01010915,E02002244,E02002244,E40000012,E00055002,E00055002,5B2,E99999999,"408144","1",E18000003,E08000033,"0429072",E05001376,E43000293,E65000001,HX2 9WB,HX2  9WB,HX2 9WB,E14001262,E23000010,E12000003,A1,UN1,E38000025,E30000029,"0",E33009361
"734700",E630,E35000317,E56000030,E99999999,E92000001,"202006",,E54000054,"18947",E08000033,53.7533950805664,E37000062,,-1.87991297245026,E01010915,E01010915,E02002244,E02002244,E40000012,E00055023,E00055023,8A1,E99999999,"408016","1",E18000003,E08000033,"0428564",E05001376,E43000293,E65000001,HX2 9WD,HX2  9WD,HX2 9WD,E14001262,E23000010,E12000003,A1,UN1,E38000025,E30000029,"0",E33011723
"734701",E630,E35999999,E56000030,E99999999,E92000001,"198001",,E54000054,"18524",E08000033,53.7681083679199,E37000062,,-1.88032698631287,E01010911,E01010911,E02002244,E02002244,E40000012,E00055010,E00055010,6B2,E99999999,"407986","1",E18000003,E08000033,"0430201",E05001376,E43000293,E65000001,HX2 9XA,HX2  9XA,HX2 9XA,E14001262,E23000010,E12000003,F1,RSN1,E38000025,E30000029,"0",E33011722
"734702",,E35999999,E56000030,E99999999,E92000001,"198001",,E54000054,"18524",E08000033,53.7700309753418,E37000062,,-1.87850105762482,E01010911,E01010911,E02002244,E02002244,E40000012,E00055012,E00055012,5A1,E99999999,"408106","1",E18000003,E08000033,"0430415",E05001376,E43000293,E65000001,HX2 9XB,HX2  9XB,HX2 9XB,E14001262,E23000010,E12000003,E1,RSN1,E38000025,E30000029,"0",E33011722
"734703",,E35999999,E56000030,E99999999,E92000001,"198001",,E54000054,"18524",E08000033,53.7721557617188,E37000062,,-1.8745950460434,E01010911,E01010911,E02002244,E02002244,E40000012,E00055010,E00055010,6B2,E99999999,"408363","1",E18000003,E08000033,"0430652",E05001376,E43000293,E65000001,HX2 9XD,HX2  9XD,HX2 9XD,E14001262,E23000010,E12000003,F1,RSN1,E38000025,E30000029,"0",E33011722
"734704",,E35999999,E56000030,E99999999,E92000001,"198001",,E54000054,"18524",E08000033,53.7713432312012,E37000062,,-1.87920999526978,E01010911,E01010911,E02002244,E02002244,E40000012,E00055010,E00055010,6B2,E99999999,"408059","1",E18000003,E08000033,"0430561",E05001376,E43000293,E65000001,HX2 9XE,HX2  9XE,HX2 9XE,E14001262,E23000010,E12000003,F1,RSN1,E38000025,E30000029,"0",E33011722
"734705",,E35999999,E56000030,E99999999,E92000001,"198001",,E54000054,"18524",E08000033,53.7734565734863,E37000062,,-1.87877905368805,E01010911,E01010911,E02002244,E02002244,E40000012,E00055010,E00055010,6B2,E99999999,"408087","1",E18000003,E08000033,"0430796",E05001376,E43000293,E65000001,HX2 9XF,HX2  9XF,HX2 9XF,E14001262,E23000010,E12000003,F1,RSN1,E38000025,E30000029,"0",E33011722
"734706",,E35999999,E56000030,E99999999,E92000001,"198001",,E54000054,"18524",E08000033,53.7699851989746,E37000062,,-1.87796998023987,E01010911,E01010911,E02002244,E02002244,E40000012,E00055010,E00055010,6B2,E99999999,"408141","1",E18000003,E08000033,"0430410",E05001376,E43000293,E65000001,HX2 9XG,HX2  9XG,HX2 9XG,E14001262,E23000010,E12000003,F1,RSN1,E38000025,E30000029,"0",E33011722
"734707",E630,E35000317,E56000030,E99999999,E92000001,"198001",,E54000054,"23135",E08000033,53.7615623474121,E37000062,,-1.88588201999664,E01010913,E01010913,E02002244,E02002244,E40000012,E00055013,E00055013,8A1,E99999999,"407621","1",E18000003,E08000033,"0429472",E05001376,E43000293,E65000001,HX2 9XH,HX2  9XH,HX2 9XH,E14001262,E23000010,E12000003,A1,UN1,E38000025,E30000029,"0",E33011724
"734708",E630,E35000317,E56000030,E99999999,E92000001,"198001",,E54000054,"18947",E08000033,53.7540893554688,E37000062,,-1.88132202625275,E01010915,E01010915,E02002244,E02002244,E40000012,E00055023,E00055023,8A1,E99999999,"407923","1",E18000003,E08000033,"0428641",E05001376,E43000293,E65000001,HX2 9XJ,HX2  9XJ,HX2 9XJ,E14001262,E23000010,E12000003,A1,UN1,E38000025,E30000029,"0",E33011723
"734709",E630,E35000317,E56000030,E99999999,E92000001,"198001",,E54000054,"18947",E08000033,53.7545204162598,E37000062,,-1.88250398635864,E01010915,E01010915,E02002244,E02002244,E40000012,E00055023,E00055023,8A1,E99999999,"407845","1",E18000003,E08000033,"0428689",E05001376,E43000293,E65000001,HX2 9XL,HX2  9XL,HX2 9XL,E14001262,E23000010,E12000003,A1,UN1,E38000025,E30000029,"0",E33011723
"734710",E630,E35999999,E56000030,E99999999,E92000001,"198109",,E54000054,"18524",E08000033,53.7672157287598,E37000062,,-1.883180975914,E01010911,E01010911,E02002244,E02002244,E40000012,E00055010,E00055010,6B2,E99999999,"407798","1",E18000003,E08000033,"0430101",E05001376,E43000293,E65000001,HX2 9XN,HX2  9XN,HX2 9XN,E14001262,E23000010,E12000003,F1,RSN1,E38000025,E30000029,"0",E33011722
"734711",,E35999999,E56000030,E99999999,E92000001,"198001",,E54000054,"18524",E08000033,53.7687683105469,E37000062,,-1.87320995330811,E01010911,E01010911,E02002244,E02002244,E40000012,E00055010,E00055010,6B2,E99999999,"408455","1",E18000003,E08000033,"0430275",E05001376,E43000293,E65000001,HX2 9XQ,HX2  9XQ,HX2 9XQ,E14001262,E23000010,E12000003,F1,RSN1,E38000025,E30000029,"0",E33011722
"735231",E630,E35000317,E56000030,E99999999,E92000001,"201807",,E54000054,"18947",E08000033,53.7539176940918,E37000062,,-1.87319397926331,E01010915,E01010915,E02002244,E02002244,E40000012,E00055004,E00055004,5A1,E99999999,"408459","1",E18000003,E08000033,"0428623",E05001376,E43000293,E65000001,HX3 6FD,HX3  6FD,HX3 6FD,E14001262,E23000010,E12000003,A1,UN1,E38000025,E30000029,"0",E33011723
"735349",E630,E35000317,E56000030,E99999999,E92000001,"198001",,E54000054,"18947",E08000033,53.7526168823242,E37000062,,-1.87357699871063,E01010915,E01010915,E02002244,E02002244,E40000012,E00055004,E00055004,5A1,E99999999,"408434","1",E18000003,E08000033,"0428478",E05001376,E43000293,E65000001,HX3 6SN,HX3  6SN,HX3 6SN,E14001262,E23000010,E12000003,A1,UN1,E38000025,E30000029,"0",E33011723
"735352",E630,E35000317,E56000030,E99999999,E92000001,"198001",,E54000054,"18947",E08000033,53.7550735473633,E37000062,,-1.86989903450012,E01010915,E01010915,E02002244,E02002244,E40000012,E00055004,E00055004,5A1,E99999999,"408676","1",E18000003,E08000033,"0428752",E05001376,E43000293,E65000001,HX3 6SU,HX3  6SU,HX3 6SU,E14001262,E23000010,E12000003,A1,UN1,E38000025,E30000029,"0",E33011723
