OBJECTID,BUA11,BUASD11,CALNCV,CED,CTRY,DOINTR,DOTERM,ICB,IMD,ITL,LAT,LEP1,LEP2,LONG,LSOA11,LSOA21,MSOA11,MSOA21,NHSER,OA11,OA21,OAC11,OSCTY,OSEAST1M,OSGRDIND,OSHLTHAU,OSLAUA,OSNRTH1M,OSWARD,PARISH,PARK,PCD,PCD2,PCDS,PCON,PFA,RGN,RU11IND,RUC21IND,SICBL,TTWA,USERTYPE,WZ11
"667422",,E35999999,E56000016,E58000580,E92000001,"198001",,E54000042,"25550",E07000089,51.194953918457,E37000046,,-0.980018973350525,E01032855,E01032855,E02004761,E02004761,E40000005,E00116293,E00116293,1B2,E10000014,"471368","1",E18000009,E07000089,"0144465",E05009360,E04004551,E65000001,GU344DP,GU34 4DP,GU34 4DP,E14001392,E23000030,E12000008,F1,RSN1,E38000253,E30000164,"0",E33042288
"1305714",,E35999999,E56000016,E58000580,E92000001,"198001",,E54000042,"25550",E07000089,51.2409744262695,E37000046,,-0.973514020442963,E01032855,E01032855,E02004761,E02004761,E40000005,E00116294,E00116294,1B2,E10000014,"471751","1",E18000009,E07000089,"0149589",E05009360,E04004551,E65000001,RG252RP,RG25 2RP,RG25 2RP,E14001392,E23000030,E12000008,E1,RSN1,E38000253,E30000164,"0",E33042288
"1307631",E630,E35000626,E56000016,E58000580,E92000001,"199507",,E54000042,"23739",E07000089,51.2551193237305,E37000046,,-0.935281991958618,E01022889,E01022889,E02004761,E02004761,E40000005,E00116299,E00116299,5B3,E10000014,"474397","1",E18000009,E07000089,"0151200",E05009360,E04004549,E65000001,RG291AA,RG29 1AA,RG29 1AA,E14001392,E23000030,E12000008,D1,RLN1,E38000253,E30000164,"0",E33042289
"1307632",E630,E35000626,E56000016,E58000580,E92000001,"199507",,E54000042,"31252",E07000089,51.2553482055664,E37000046,,-0.931650996208191,E01022888,E01022888,E02004761,E02004761,E40000005,E00116302,E00184972,6A4,E10000014,"474650","1",E18000009,E07000089,"0151229",E05009360,E04004549,E65000001,RG291AB,RG29 1AB,RG29 1AB,E14001392,E23000030,E12000008,D1,RSN1,E38000253,E30000164,"0",E33042285
"1307633",E630,E35000626,E56000016,E58000580,E92000001,"199507",,E54000042,"31252",E07000089,51.2555160522461,E37000046,,-0.933367013931274,E01022888,E01022888,E02004761,E02004761,E40000005,E00116302,E00184972,6A4,E10000014,"474530","1",E18000009,E07000089,"0151246",E05009360,E04004549,E65000001,RG291AD,RG29 1AD,RG29 1AD,E14001392,E23000030,E12000008,D1,RSN1,E38000253,E30000164,"0",E33042285
"1307634",E630,E35000626,E56000016,E58000580,E92000001,"199507",,E54000042,"31252",E07000089,51.2537498474121,E37000046,,-0.932735025882721,E01022888,E01022888,E02004761,E02004761,E40000005,E00116302,E00184866,6A4,E10000014,"474577","1",E18000009,E07000089,"0151050",E05009360,E04004549,E65000001,RG291AE,RG29 1AE,RG29 1AE,E14001392,E23000030,E12000008,D1,RLN1,E38000253,E30000164,"0",E33042285
"1307635",E630,E35000626,E56000016,E58000580,E92000001,"199507",,E54000042,"31252",E07000089,51.2529144287109,E37000046,,-0.934803009033203,E01022888,E01022888,E02004761,E02004761,E40000005,E00116302,E00184866,6A4,E10000014,"474434","1",E18000009,E07000089,"0150955",E05009360,E04004549,E65000001,RG291AF,RG29 1AF,RG29 1AF,E14001392,E23000030,E12000008,D1,RLN1,E38000253,E30000164,"0",E33042285
"1307638",E630,E35000626,E56000016,E58000580,E92000001,"199507",,E54000042,"23739",E07000089,51.2557945251465,E37000046,,-0.935181021690369,E01022889,E01022889,E02004761,E02004761,E40000005,E00116299,E00116299,5B3,E10000014,"474403","1",E18000009,E07000089,"0151275",E05009360,E04004549,E65000001,RG291AJ,RG29 1AJ,RG29 1AJ,E14001392,E23000030,E12000008,D1,RLN1,E38000253,E30000164,"0",E33042289
"1307639",E630,E35000626,E56000016,E58000580,E92000001,"199507",,E54000042,"31252",E07000089,51.2583885192871,E37000046,,-0.932599008083344,E01022888,E01022888,E02004761,E02004761,E40000005,E00116302,E00184972,6A4,E10000014,"474579","1",E18000009,E07000089,"0151566",E05009360,E04004549,E65000001,RG291AL,RG29 1AL,RG29 1AL,E14001392,E23000030,E12000008,D1,RSN1,E38000253,E30000164,"0",E33042285
"1307640",E630,E35000626,E56000016,E58000580,E92000001,"199507",,E54000042,"23739",E07000089,51.257511138916,E37000046,,-0.933220982551575,E01022889,E01022889,E02004761,E02004761,E40000005,E00116299,E00116299,5B3,E10000014,"474537","1",E18000009,E07000089,"0151468",E05009360,E04004549,E65000001,RG291AN,RG29 1AN,RG29 1AN,E14001392,E23000030,E12000008,D1,RLN1,E38000253,E30000164,"0",E33042289
"1307641",E630,E35000626,E56000016,E58000580,E92000001,"199507",,E54000042,"23739",E07000089,51.2560539245605,E37000046,,-0.935976982116699,E01022889,E01022889,E02004761,E02004761,E40000005,E00116299,E00116299,5B3,E10000014,"474347","1",E18000009,E07000089,"0151303",E05009360,E04004549,E65000001,RG291AP,RG29 1AP,RG29 1AP,E14001392,E23000030,E12000008,D1,RLN1,E38000253,E30000164,"0",E33042289
"1307643",E630,E35000626,E56000016,E58000580,E92000001,"199507",,E54000042,"31252",E07000089,51.2559127807617,E37000046,,-0.9373419880867,E01022888,E01022888,E02004761,E02004761,E40000005,E00116301,E00116301,5B3,E10000014,"474252","1",E18000009,E07000089,"0151286",E05009360,E04004549,E65000001,RG291AR,RG29 1AR,RG29 1AR,E14001392,E23000030,E12000008,D1,RLN1,E38000253,E30000164,"0",E33042287
"1307644",E630,E35000626,E56000016,E58000580,E92000001,"199507",,E54000042,"23739",E07000089,51.2567863464355,E37000046,,-0.93436998128891,E01022889,E01022889,E02004761,E02004761,E40000005,E00116299,E00116299,5B3,E10000014,"474458","1",E18000009,E07000089,"0151386",E05009360,E04004549,E65000001,RG291AS,RG29 1AS,RG29 1AS,E14001392,E23000030,E12000008,D1,RLN1,E38000253,E30000164,"0",E33042289
"1307645",E630,E35000626,E56000016,E58000580,E92000001,"199507",,E54000042,"31252",E07000089,51.2563629150391,E37000046,,-0.932372987270355,E01022888,E01022888,E02004761,E02004761,E40000005,E00116302,E00184972,6A4,E10000014,"474598","1",E18000009,E07000089,"0151341",E05009360,E04004549,E65000001,RG291AT,RG29 1AT,RG29 1AT,E14001392,E23000030,E12000008,D1,RSN1,E38000253,E30000164,"0",E33042285
"1307646",E630,E35000626,E56000016,E58000580,E92000001,"199507",,E54000042,"23739",E07000089,51.2561798095703,E37000046,,-0.933968007564545,E01022889,E01022889,E02004761,E02004761,E40000005,E00116299,E00116299,5B3,E10000014,"474487","1",E18000009,E07000089,"0151319",E05009360,E04004549,E65000001,RG291AU,RG29 1AU,RG29 1AU,E14001392,E23000030,E12000008,D1,RLN1,E38000253,E30000164,"0",E33042289
"1307647",E630,E35000626,E56000016,E58000580,E92000001,"199507",,E54000042,"31252",E07000089,51.2580833435059,E37000046,,-0.931832015514374,E01022888,E01022888,E02004761,E02004761,E40000005,E00116302,E00184972,6A4,E10000014,"474633","1",E18000009,E07000089,"0151533",E05009360,E04004549,E65000001,RG291AW,RG29 1AW,RG29 1AW,E14001392,E23000030,E12000008,D1,RSN1,E38000253,E30000164,"0",E33042285
"1307648",E630,E35000626,E56000016,E58000580,E92000001,"199507",,E54000042,"31252",E07000089,51.2530403137207,E37000046,,-0.935917973518372,E01022888,E01022888,E02004761,E02004761,E40000005,E00116301,E00116301,5B3,E10000014,"474356","1",E18000009,E07000089,"0150968",E05009360,E04004549,E65000001,RG291AX,RG29 1AX,RG29 1AX,E14001392,E23000030,E12000008,D1,RLN1,E38000253,E30000164,"0",E33042287
"1307649",E630,E35000626,E56000016,E58000580,E92000001,"199507",,E54000042,"31252",E07000089,51.2538948059082,E37000046,,-0.935954988002777,E01022888,E01022888,E02004761,E02004761,E40000005,E00116301,E00116301,5B3,E10000014,"474352","1",E18000009,E07000089,"0151063",E05009360,E04004549,E65000001,RG291AY,RG29 1AY,RG29 1AY,E14001392,E23000030,E12000008,D1,RLN1,E38000253,E30000164,"0",E33042287
"1307650",E630,E35001138,E56000016,E58000580,E92000001,"199507",,E54000042,"23739",E07000089,51.2575874328613,E37000046,,-0.952422022819519,E01022889,E01022889,E02004761,E02004761,E40000005,E00116300,E00116300,8C1,E10000014,"473197","1",E18000009,E07000089,"0151457",E05009360,E04004549,E65000001,RG291BA,RG29 1BA,RG29 1BA,E14001392,E23000030,E12000008,D1,RLN1,E38000253,E30000164,"0",E33042286
"1307651",E630,E35001138,E56000016,E58000580,E92000001,"199507",,E54000042,"31252",E07000089,51.2571601867676,E37000046,,-0.951987028121948,E01022888,E01022888,E02004761,E02004761,E40000005,E00116297,E00116297,6B2,E10000014,"473228","1",E18000009,E07000089,"0151410",E05009360,E04004549,E65000001,RG291BB,RG29 1BB,RG29 1BB,E14001392,E23000030,E12000008,D1,RLN1,E38000253,E30000164,"0",E33042286
"1307652",E630,E35001138,E56000016,E58000580,E92000001,"199507",,E54000042,"23739",E07000089,51.2576560974121,E37000046,,-0.954369008541107,E01022889,E01022889,E02004761,E02004761,E40000005,E00116298,E00116298,5A1,E10000014,"473061","1",E18000009,E07000089,"0151463",E05009360,E04004549,E65000001,RG291BD,RG29 1BD,RG29 1BD,E14001392,E23000030,E12000008,D1,RSN1,E38000253,E30000164,"0",E33042286
"1307653",E630,E35001138,E56000016,E58000580,E92000001,"199507",,E54000042,"31252",E07000089,51.2570953369141,E37000046,,-0.95501297712326,E01022888,E01022888,E02004761,E02004761,E40000005,E00116297,E00116297,6B2,E10000014,"473017","1",E18000009,E07000089,"0151400",E05009360,E04004549,E65000001,RG291BE,RG29 1BE,RG29 1BE,E14001392,E23000030,E12000008,D1,RLN1,E38000253,E30000164,"0",E33042286
"1307654",E630,E35001138,E56000016,E58000580,E92000001,"199507",,E54000042,"31252",E07000089,51.2562484741211,E37000046,,-0.955690979957581,E01022888,E01022888,E02004761,E02004761,E40000005,E00116305,E00116305,1B2,E10000014,"472971","1",E18000009,E07000089,"0151305",E05009360,E04004549,E65000001,RG291BG,RG29 1BG,RG29 1BG,E14001392,E23000030,E12000008,E1,RSN1,E38000253,E30000164,"0",E33042285
"1307655",E630,E35001138,E56000016,E58000580,E92000001,"199507",,E54000042,"31252",E07000089,51.2560729980469,E37000046,,-0.954176008701324,E01022888,E01022888,E02004761,E02004761,E40000005,E00116297,E00116297,6B2,E10000014,"473077","1",E18000009,E07000089,"0151287",E05009360,E04004549,E65000001,RG291BH,RG29 1BH,RG29 1BH,E14001392,E23000030,E12000008,D1,RLN1,E38000253,E30000164,"0",E33042286
"1307656",E630,E35001138,E56000016,E58000580,E92000001,"199507",,E54000042,"31252",E07000089,51.2550621032715,E37000046,,-0.956562995910645,E01022888,E01022888,E02004761,E02004761,E40000005,E00116297,E00116297,6B2,E10000014,"472912","1",E18000009,E07000089,"0151172",E05009360,E04004549,E65000001,RG291BJ,RG29 1BJ,RG29 1BJ,E14001392,E23000030,E12000008,D1,RLN1,E38000253,E30000164,"0",E33042286
"1307657",E630,E35001138,E56000016,E58000580,E92000001,"199507",,E54000042,"31252",E07000089,51.2556457519531,E37000046,,-0.956764996051788,E01022888,E01022888,E02004761,E02004761,E40000005,E00116305,E00116305,1B2,E10000014,"472897","1",E18000009,E07000089,"0151237",E05009360,E04004549,E65000001,RG291BL,RG29 1BL,RG29 1BL,E14001392,E23000030,E12000008,E1,RSN1,E38000253,E30000164,"0",E33042285
"1307658",E630,E35001138,E56000016,E58000580,E92000001,"199507",,E54000042,"31252",E07000089,51.2545433044434,E37000046,,-0.957090973854065,E01022888,E01022888,E02004761,E02004761,E40000005,E00116305,E00116305,1B2,E10000014,"472876","1",E18000009,E07000089,"0151114",E05009360,E04004549,E65000001,RG291BN,RG29 1BN,RG29 1BN,E14001392,E23000030,E12000008,E1,RSN1,E38000253,E30000164,"0",E33042285
"1307659",E630,E35001138,E56000016,E58000580,E92000001,"199507",,E54000042,"31252",E07000089,51.2555961608887,E37000046,,-0.957296013832092,E01022888,E01022888,E02004761,E02004761,E40000005,E00116297,E00116297,6B2,E10000014,"472860","1",E18000009,E07000089,"0151231",E05009360,E04004549,E65000001,RG291BP,RG29 1BP,RG29 1BP,E14001392,E23000030,E12000008,D1,RLN1,E38000253,E30000164,"0",E33042286
"1307660",E630,E35001138,E56000016,E58000580,E92000001,"199507",,E54000042,"31252",E07000089,51.2564430236816,E37000046,,-0.956373989582062,E01022888,E01022888,E02004761,E02004761,E40000005,E00116297,E00116297,6B2,E10000014,"472923","1",E18000009,E07000089,"0151326",E05009360,E04004549,E65000001,RG291BQ,RG29 1BQ,RG29 1BQ,E14001392,E23000030,E12000008,D1,RLN1,E38000253,E30000164,"0",E33042286
"1307661",E630,E35999999,E56000016,E58000580,E92000001,"199507",,E54000042,"25550",E07000089,51.2566070556641,E37000046,,-0.968693971633911,E01032855,E01032855,E02004761,E02004761,E40000005,E00116287,E00116287,1B2,E10000014,"472063","1",E18000009,E07000089,"0151332",E05009360,E04004542,E65000001,RG291BS,RG29 1BS,RG29 1BS,E14001392,E23000030,E12000008,E1,RSN1,E38000253,E30000164,"0",E33042286
"1307662",E630,E35999999,E56000016,E58000580,E92000001,"199507",,E54000042,"25550",E07000089,51.2590103149414,E37000046,,-0.971176981925964,E01032855,E01032855,E02004761,E02004761,E40000005,E00116287,E00116287,1B2,E10000014,"471886","1",E18000009,E07000089,"0151597",E05009360,E04004542,E65000001,RG291BT,RG29 1BT,RG29 1BT,E14001392,E23000030,E12000008,E1,RSN1,E38000253,E30000164,"0",E33042286
"1307663",E630,E35999999,E56000016,E58000580,E92000001,"199507",,E54000042,"25550",E07000089,51.2614631652832,E37000046,,-0.968572020530701,E01032855,E01032855,E02004761,E02004761,E40000005,E00116287,E00116287,1B2,E10000014,"472064","1",E18000009,E07000089,"0151872",E05009360,E04004542,E65000001,RG291BU,RG29 1BU,RG29 1BU,E14001392,E23000030,E12000008,E1,RSN1,E38000253,E30000164,"0",E33042286
"1307664",,E35999999,E56000016,E58000580,E92000001,"199507",,E54000042,"31252",E07000089,51.2471389770508,E37000046,,-0.959807991981506,E01022888,E01022888,E02004761,E02004761,E40000005,E00116305,E00116305,1B2,E10000014,"472698","1",E18000009,E07000089,"0150288",E05009360,E04004549,E65000001,RG291BW,RG29 1BW,RG29 1BW,E14001392,E23000030,E12000008,E1,RSN1,E38000253,E30000164,"0",E33042285
"1307665",E630,E35999999,E56000016,E58000580,E92000001,"199507",,E54000042,"25550",E07000089,51.260196685791,E37000046,,-0.968699991703033,E01032855,E01032855,E02004761,E02004761,E40000005,E00116287,E00116287,1B2,E10000014,"472057","1",E18000009,E07000089,"0151731",E05009360,E04004542,E65000001,RG291BX,RG29 1BX,RG29 1BX,E14001392,E23000030,E12000008,E1,RSN1,E38000253,E30000164,"0",E33042286
"1307666",E630,E35999999,E56000016,E58000580,E92000001,"199507",,E54000042,"25550",E07000089,51.2568778991699,E37000046,,-0.971970021724701,E01032855,E01032855,E02004761,E02004761,E40000005,E00116287,E00116287,1B2,E10000014,"471834","1",E18000009,E07000089,"0151359",E05009360,E04004542,E65000001,RG291BY,RG29 1BY,RG29 1BY,E14001392,E23000030,E12000008,E1,RSN1,E38000253,E30000164,"0",E33042286
"1307667",E630,E35999999,E56000016,E58000580,E92000001,"199507",,E54000042,"25550",E07000089,51.2557601928711,E37000046,,-0.972653985023499,E01032855,E01032855,E02004761,E02004761,E40000005,E00116287,E00116287,1B2,E10000014,"471788","1",E18000009,E07000089,"0151234",E05009360,E04004542,E65000001,RG291BZ,RG29 1BZ,RG29 1BZ,E14001392,E23000030,E12000008,E1,RSN1,E38000253,E30000164,"0",E33042286
"1307668",E630,E35999999,E56000016,E58000580,E92000001,"199507",,E54000042,"25550",E07000089,51.2545547485352,E37000046,,-0.973598003387451,E01032855,E01032855,E02004761,E02004761,E40000005,E00116287,E00116287,1B2,E10000014,"471724","1",E18000009,E07000089,"0151099",E05009360,E04004542,E65000001,RG291DA,RG29 1DA,RG29 1DA,E14001392,E23000030,E12000008,E1,RSN1,E38000253,E30000164,"0",E33042286
"1307669",E630,E35999999,E56000016,E58000580,E92000001,"199507",,E54000042,"25550",E07000089,51.2532997131348,E37000046,,-0.974829971790314,E01032855,E01032855,E02004761,E02004761,E40000005,E00116287,E00116287,1B2,E10000014,"471640","1",E18000009,E07000089,"0150958",E05009360,E04004542,E65000001,RG291DB,RG29 1DB,RG29 1DB,E14001392,E23000030,E12000008,E1,RSN1,E38000253,E30000164,"0",E33042286
"1307670",E630,E35999999,E56000016,E58000580,E92000001,"199507",,E54000042,"25550",E07000089,51.2565841674805,E37000046,,-0.972063004970551,E01032855,E01032855,E02004761,E02004761,E40000005,E00116287,E00116287,1B2,E10000014,"471828","1",E18000009,E07000089,"0151326",E05009360,E04004542,E65000001,RG291DD,RG29 1DD,RG29 1DD,E14001392,E23000030,E12000008,E1,RSN1,E38000253,E30000164,"0",E33042286
"1307671",E630,E35999999,E56000016,E58000580,E92000001,"199507",,E54000042,"25550",E07000089,51.2548942565918,E37000046,,-0.973204016685486,E01032855,E01032855,E02004761,E02004761,E40000005,E00116287,E00116287,1B2,E10000014,"471751","1",E18000009,E07000089,"0151137",E05009360,E04004542,E65000001,RG291DE,RG29 1DE,RG29 1DE,E14001392,E23000030,E12000008,E1,RSN1,E38000253,E30000164,"0",E33042286
"1307672",,E35999999,E56000016,E58000580,E92000001,"199507",,E54000042,"25550",E07000089,51.2504844665527,E37000046,,-0.974806010723114,E01032855,E01032855,E02004761,E02004761,E40000005,E00116287,E00116287,1B2,E10000014,"471646","1",E18000009,E07000089,"0150645",E05009360,E04004542,E65000001,RG291DF,RG29 1DF,RG29 1DF,E14001392,E23000030,E12000008,E1,RSN1,E38000253,E30000164,"0",E33042286
"1307673",,E35999999,E56000016,E58000580,E92000001,"199712",,E54000042,"25550",E07000089,51.2580337524414,E37000046,,-0.980686008930206,E01032855,E01032855,E02004761,E02004761,E40000005,E00116287,E00116287,1B2,E10000014,"471224","1",E18000009,E07000089,"0151479",E05009360,E04004542,E65000001,RG291DG,RG29 1DG,RG29 1DG,E14001392,E23000030,E12000008,E1,RSN1,E38000253,E30000164,"0",E33042286
"1307674",E630,E35000626,E56000016,E58000580,E92000001,"199507",,E54000042,"31252",E07000089,51.2586250305176,E37000046,,-0.931002020835876,E01022888,E01022888,E02004761,E02004761,E40000005,E00116302,E00184972,6A4,E10000014,"474690","1",E18000009,E07000089,"0151594",E05009360,E04004549,E65000001,RG291DH,RG29 1DH,RG29 1DH,E14001392,E23000030,E12000008,D1,RSN1,E38000253,E30000164,"0",E33042285
"1307675",E630,E35000626,E56000016,E58000580,E92000001,"200401",,E54000042,"31252",E07000089,51.2555618286133,E37000046,,-0.931201994419098,E01022888,E01022888,E02004761,E02004761,E40000005,E00116302,E00184972,6A4,E10000014,"474681","1",E18000009,E07000089,"0151253",E05009360,E04004549,E65000001,RG291DJ,RG29 1DJ,RG29 1DJ,E14001392,E23000030,E12000008,D1,RSN1,E38000253,E30000164,"0",E33042285
"1307676",E630,E35001138,E56000016,E58000580,E92000001,"199507",,E54000042,"23739",E07000089,51.2603797912598,E37000046,,-0.951097011566162,E01022889,E01022889,E02004761,E02004761,E40000005,E00116298,E00116298,5A1,E10000014,"473285","1",E18000009,E07000089,"0151769",E05009360,E04004549,E65000001,RG291DL,RG29 1DL,RG29 1DL,E14001392,E23000030,E12000008,D1,RSN1,E38000253,E30000164,"0",E33042286
"1307677",E630,E35001138,E56000016,E58000580,E92000001,"200306",,E54000042,"31252",E07000089,51.2561950683594,E37000046,,-0.950762987136841,E01022888,E01022888,E02004761,E02004761,E40000005,E00116297,E00116297,6B2,E10000014,"473315","1",E18000009,E07000089,"0151304",E05009360,E04004549,E65000001,RG291DN,RG29 1DN,RG29 1DN,E14001392,E23000030,E12000008,D1,RLN1,E38000253,E30000164,"0",E33042286
"1307678",E630,E35000626,E56000016,E58000580,E92000001,"199507",,E54000042,"23739",E07000089,51.2535667419434,E37000046,,-0.945505976676941,E01022889,E01022889,E02004761,E02004761,E40000005,E00116303,E00116303,5B1,E10000014,"473686","1",E18000009,E07000089,"0151017",E05009360,E04004549,E65000001,RG291DP,RG29 1DP,RG29 1DP,E14001392,E23000030,E12000008,D1,RLN1,E38000253,E30000164,"0",E33042289
"1307679",E630,E35999999,E56000016,E58000580,E92000001,"199507",,E54000042,"25550",E07000089,51.253116607666,E37000046,,-0.976610004901886,E01032855,E01032855,E02004761,E02004761,E40000005,E00116287,E00116287,1B2,E10000014,"471516","1",E18000009,E07000089,"0150936",E05009360,E04004542,E65000001,RG291DQ,RG29 1DQ,RG29 1DQ,E14001392,E23000030,E12000008,E1,RSN1,E38000253,E30000164,"0",E33042286
"1307680",E630,E35001138,E56000016,E58000580,E92000001,"199507",,E54000042,"23739",E07000089,51.2587966918945,E37000046,,-0.951921999454498,E01022889,E01022889,E02004761,E02004761,E40000005,E00116298,E00116298,5A1,E10000014,"473230","1",E18000009,E07000089,"0151592",E05009360,E04004549,E65000001,RG291DR,RG29 1DR,RG29 1DR,E14001392,E23000030,E12000008,D1,RSN1,E38000253,E30000164,"0",E33042286
"1307681",E630,E35000626,E56000016,E58000580,E92000001,"199507",,E54000042,"23739",E07000089,51.2534561157227,E37000046,,-0.945107996463776,E01022889,E01022889,E02004761,E02004761,E40000005,E00116303,E00116303,5B1,E10000014,"473714","1",E18000009,E07000089,"0151005",E05009360,E04004549,E65000001,RG291DS,RG29 1DS,RG29 1DS,E14001392,E23000030,E12000008,D1,RLN1,E38000253,E30000164,"0",E33042289
"1307682",E630,E35000626,E56000016,E58000580,E92000001,"199507",,E54000042,"23739",E07000089,51.2535209655762,E37000046,,-0.94625198841095,E01022889,E01022889,E02004761,E02004761,E40000005,E00116303,E00116303,5B1,E10000014,"473634","1",E18000009,E07000089,"0151011",E05009360,E04004549,E65000001,RG291DT,RG29 1DT,RG29 1DT,E14001392,E23000030,E12000008,D1,RLN1,E38000253,E30000164,"0",E33042289
"1307683",E630,E35001138,E56000016,E58000580,E92000001,"199507",,E54000042,"31252",E07000089,51.2566146850586,E37000046,,-0.949147999286652,E01022888,E01022888,E02004761,E02004761,E40000005,E00116297,E00116297,6B2,E10000014,"473427","1",E18000009,E07000089,"0151352",E05009360,E04004549,E65000001,RG291DU,RG29 1DU,RG29 1DU,E14001392,E23000030,E12000008,D1,RLN1,E38000253,E30000164,"0",E33042286
"1307684",E630,E35001138,E56000016,E58000580,E92000001,"200311",,E54000042,"31252",E07000089,51.2558097839355,E37000046,,-0.951974987983704,E01022888,E01022888,E02004761,E02004761,E40000005,E00116297,E00116297,6B2,E10000014,"473231","1",E18000009,E07000089,"0151260",E05009360,E04004549,E65000001,RG291DW,RG29 1DW,RG29 1DW,E14001392,E23000030,E12000008,D1,RLN1,E38000253,E30000164,"0",E33042286
"1307685",E630,E35001138,E56000016,E58000580,E92000001,"199507",,E54000042,"31252",E07000089,51.2573661804199,E37000046,,-0.951122999191284,E01022888,E01022888,E02004761,E02004761,E40000005,E00116297,E00116297,6B2,E10000014,"473288","1",E18000009,E07000089,"0151434",E05009360,E04004549,E65000001,RG291DX,RG29 1DX,RG29 1DX,E14001392,E23000030,E12000008,D1,RLN1,E38000253,E30000164,"0",E33042286
"1307686",E630,E35001138,E56000016,E58000580,E92000001,"199507",,E54000042,"23739",E07000089,51.2578544616699,E37000046,,-0.951155006885529,E01022889,E01022889,E02004761,E02004761,E40000005,E00116300,E00116300,8C1,E10000014,"473285","1",E18000009,E07000089,"0151488",E05009360,E04004549,E65000001,RG291DY,RG29 1DY,RG29 1DY,E14001392,E23000030,E12000008,D1,RLN1,E38000253,E30000164,"0",E33042286
"1307687",E630,E35001138,E56000016,E58000580,E92000001,"199507",,E54000042,"31252",E07000089,51.2576522827148,E37000046,,-0.950542986392975,E01022888,E01022888,E02004761,E02004761,E40000005,E00116297,E00116297,6B2,E10000014,"473328","1",E18000009,E07000089,"0151466",E05009360,E04004549,E65000001,RG291DZ,RG29 1DZ,RG29 1DZ,E14001392,E23000030,E12000008,D1,RLN1,E38000253,E30000164,"0",E33042286
"1307688",E630,E35001138,E56000016,E58000580,E92000001,"199507",,E54000042,"23739",E07000089,51.258228302002,E37000046,,-0.951847970485687,E01022889,E01022889,E02004761,E02004761,E40000005,E00116300,E00116300,8C1,E10000014,"473236","1",E18000009,E07000089,"0151529",E05009360,E04004549,E65000001,RG291EA,RG29 1EA,RG29 1EA,E14001392,E23000030,E12000008,D1,RLN1,E38000253,E30000164,"0",E33042286
"1307689",E630,E35001138,E56000016,E58000580,E92000001,"199507",,E54000042,"23739",E07000089,51.2584266662598,E37000046,,-0.95099800825119,E01022889,E01022889,E02004761,E02004761,E40000005,E00116300,E00116300,8C1,E10000014,"473295","1",E18000009,E07000089,"0151552",E05009360,E04004549,E65000001,RG291EB,RG29 1EB,RG29 1EB,E14001392,E23000030,E12000008,D1,RLN1,E38000253,E30000164,"0",E33042286
"1307690",E630,E35001138,E56000016,E58000580,E92000001,"199507",,E54000042,"23739",E07000089,51.259162902832,E37000046,,-0.95068097114563,E01022889,E01022889,E02004761,E02004761,E40000005,E00116298,E00116298,5A1,E10000014,"473316","1",E18000009,E07000089,"0151634",E05009360,E04004549,E65000001,RG291ED,RG29 1ED,RG29 1ED,E14001392,E23000030,E12000008,D1,RSN1,E38000253,E30000164,"0",E33042286
"1307691",E630,E35001138,E56000016,E58000580,E92000001,"199507",,E54000042,"23739",E07000089,51.2579536437988,E37000046,,-0.950134992599487,E01022889,E01022889,E02004761,E02004761,E40000005,E00116300,E00116300,8C1,E10000014,"473356","1",E18000009,E07000089,"0151500",E05009360,E04004549,E65000001,RG291EE,RG29 1EE,RG29 1EE,E14001392,E23000030,E12000008,D1,RLN1,E38000253,E30000164,"0",E33042286
"1307692",E630,E35001138,E56000016,E58000580,E92000001,"199507",,E54000042,"23739",E07000089,51.2581443786621,E37000046,,-0.949414014816284,E01022889,E01022889,E02004761,E02004761,E40000005,E00116300,E00116300,8C1,E10000014,"473406","1",E18000009,E07000089,"0151522",E05009360,E04004549,E65000001,RG291EF,RG29 1EF,RG29 1EF,E14001392,E23000030,E12000008,D1,RLN1,E38000253,E30000164,"0",E33042286
"1307693",E630,E35001138,E56000016,E58000580,E92000001,"199507",,E54000042,"23739",E07000089,51.2589378356934,E37000046,,-0.949769020080566,E01022889,E01022889,E02004761,E02004761,E40000005,E00116300,E00116300,8C1,E10000014,"473380","1",E18000009,E07000089,"0151610",E05009360,E04004549,E65000001,RG291EG,RG29 1EG,RG29 1EG,E14001392,E23000030,E12000008,D1,RLN1,E38000253,E30000164,"0",E33042286
"1307694",E630,E35001138,E56000016,E58000580,E92000001,"199507",,E54000042,"23739",E07000089,51.2595863342285,E37000046,,-0.949697017669678,E01022889,E01022889,E02004761,E02004761,E40000005,E00116300,E00116300,8C1,E10000014,"473384","1",E18000009,E07000089,"0151682",E05009360,E04004549,E65000001,RG291EH,RG29 1EH,RG29 1EH,E14001392,E23000030,E12000008,D1,RLN1,E38000253,E30000164,"0",E33042286
"1307695",E630,E35001138,E56000016,E58000580,E92000001,"199507",,E54000042,"23739",E07000089,51.2603302001953,E37000046,,-0.949751019477844,E01022889,E01022889,E02004761,E02004761,E40000005,E00116300,E00116300,8C1,E10000014,"473379","1",E18000009,E07000089,"0151765",E05009360,E04004549,E65000001,RG291EJ,RG29 1EJ,RG29 1EJ,E14001392,E23000030,E12000008,D1,RLN1,E38000253,E30000164,"0",E33042286
"1307696",E630,E35001138,E56000016,E58000580,E92000001,"199507",,E54000042,"23739",E07000089,51.259593963623,E37000046,,-0.950571000576019,E01022889,E01022889,E02004761,E02004761,E40000005,E00116298,E00116298,5A1,E10000014,"473323","1",E18000009,E07000089,"0151682",E05009360,E04004549,E65000001,RG291EL,RG29 1EL,RG29 1EL,E14001392,E23000030,E12000008,D1,RSN1,E38000253,E30000164,"0",E33042286
"1307697",E630,E35001138,E56000016,E58000580,E92000001,"199507",,E54000042,"23739",E07000089,51.259349822998,E37000046,,-0.9512779712677,E01022889,E01022889,E02004761,E02004761,E40000005,E00116300,E00116300,8C1,E10000014,"473274","1",E18000009,E07000089,"0151654",E05009360,E04004549,E65000001,RG291EN,RG29 1EN,RG29 1EN,E14001392,E23000030,E12000008,D1,RLN1,E38000253,E30000164,"0",E33042286
"1307698",E630,E35001138,E56000016,E58000580,E92000001,"199507",,E54000042,"23739",E07000089,51.2589454650879,E37000046,,-0.952562987804413,E01022889,E01022889,E02004761,E02004761,E40000005,E00116298,E00116298,5A1,E10000014,"473185","1",E18000009,E07000089,"0151608",E05009360,E04004549,E65000001,RG291EP,RG29 1EP,RG29 1EP,E14001392,E23000030,E12000008,D1,RSN1,E38000253,E30000164,"0",E33042286
"1307699",E630,E35001138,E56000016,E58000580,E92000001,"199507",,E54000042,"23739",E07000089,51.2593307495117,E37000046,,-0.950562000274658,E01022889,E01022889,E02004761,E02004761,E40000005,E00116298,E00116298,5A1,E10000014,"473324","1",E18000009,E07000089,"0151653",E05009360,E04004549,E65000001,RG291EQ,RG29 1EQ,RG29 1EQ,E14001392,E23000030,E12000008,D1,RSN1,E38000253,E30000164,"0",E33042286
"1307700",E630,E35001138,E56000016,E58000580,E92000001,"199507",,E54000042,"23739",E07000089,51.2590827941895,E37000046,,-0.952889978885651,E01022889,E01022889,E02004761,E02004761,E40000005,E00116298,E00116298,5A1,E10000014,"473162","1",E18000009,E07000089,"0151623",E05009360,E04004549,E65000001,RG291ER,RG29 1ER,RG29 1ER,E14001392,E23000030,E12000008,D1,RSN1,E38000253,E30000164,"0",E33042286
"1307701",E630,E35001138,E56000016,E58000580,E92000001,"199507",,E54000042,"23739",E07000089,51.259822845459,E37000046,,-0.953131020069122,E01022889,E01022889,E02004761,E02004761,E40000005,E00116298,E00116298,5A1,E10000014,"473144","1",E18000009,E07000089,"0151705",E05009360,E04004549,E65000001,RG291ES,RG29 1ES,RG29 1ES,E14001392,E23000030,E12000008,D1,RSN1,E38000253,E30000164,"0",E33042286
"1307702",E630,E35001138,E56000016,E58000580,E92000001,"199507",,E54000042,"23739",E07000089,51.2634315490723,E37000046,,-0.952332019805908,E01022889,E01022889,E02004761,E02004761,E40000005,E00116298,E00116298,5A1,E10000014,"473194","1",E18000009,E07000089,"0152107",E05009360,E04004549,E65000001,RG291ET,RG29 1ET,RG29 1ET,E14001392,E23000030,E12000008,D1,RSN1,E38000253,E30000164,"0",E33042286
"1307703",E630,E35001138,E56000016,E58000580,E92000001,"199507",,E54000042,"23739",E07000089,51.2618637084961,E37000046,,-0.95195198059082,E01022889,E01022889,E02004761,E02004761,E40000005,E00116298,E00116298,5A1,E10000014,"473223","1",E18000009,E07000089,"0151933",E05009360,E04004549,E65000001,RG291EU,RG29 1EU,RG29 1EU,E14001392,E23000030,E12000008,D1,RSN1,E38000253,E30000164,"0",E33042286
"1307704",E630,E35001138,E56000016,E58000580,E92000001,"199507",,E54000042,"23739",E07000089,51.2595252990723,E37000046,,-0.952234983444214,E01022889,E01022889,E02004761,E02004761,E40000005,E00116298,E00116298,5A1,E10000014,"473207","1",E18000009,E07000089,"0151673",E05009360,E04004549,E65000001,RG291EW,RG29 1EW,RG29 1EW,E14001392,E23000030,E12000008,D1,RSN1,E38000253,E30000164,"0",E33042286
"1307705",E630,E35001138,E56000016,E58000580,E92000001,"199507",,E54000042,"23739",E07000089,51.260425567627,E37000046,,-0.952256977558136,E01022889,E01022889,E02004761,E02004761,E40000005,E00116298,E00116298,5A1,E10000014,"473204","1",E18000009,E07000089,"0151773",E05009360,E04004549,E65000001,RG291EX,RG29 1EX,RG29 1EX,E14001392,E23000030,E12000008,D1,RSN1,E38000253,E30000164,"0",E33042286
"1307706",E630,E35001138,E56000016,E58000580,E92000001,"199507",,E54000042,"23739",E07000089,51.2641296386719,E37000046,,-0.9531329870224,E01022889,E01022889,E02004761,E02004761,E40000005,E00116298,E00116298,5A1,E10000014,"473137","1",E18000009,E07000089,"0152184",E05009360,E04004549,E65000001,RG291EZ,RG29 1EZ,RG29 1EZ,E14001392,E23000030,E12000008,D1,RSN1,E38000253,E30000164,"0",E33042286
"1307707",E630,E35000626,E56000016,E58000580,E92000001,"201411",,E54000042,"31252",E07000089,51.2552146911621,E37000046,,-0.939737021923065,E01022888,E01022888,E02004761,E02004761,E40000005,E00116301,E00116301,5B3,E10000014,"474086","1",E18000009,E07000089,"0151206",E05009360,E04004549,E65000001,RG291FA,RG29 1FA,RG29 1FA,E14001392,E23000030,E12000008,D1,RLN1,E38000253,E30000164,"0",E33042287
"1307708",E630,E35001138,E56000016,E58000580,E92000001,"200601",,E54000042,"31252",E07000089,51.2570381164551,E37000046,,-0.953538000583649,E01022888,E01022888,E02004761,E02004761,E40000005,E00116297,E00116297,6B2,E10000014,"473120","1",E18000009,E07000089,"0151395",E05009360,E04004549,E65000001,RG291FB,RG29 1FB,RG29 1FB,E14001392,E23000030,E12000008,D1,RLN1,E38000253,E30000164,"0",E33042286
"1307709",,E35999999,E56000016,E58000580,E92000001,"200707",,E54000042,"25550",E07000089,51.2179145812988,E37000046,,-0.972166001796722,E01032855,E01032855,E02004761,E02004761,E40000005,E00116293,E00116293,1B2,E10000014,"471881","1",E18000009,E07000089,"0147026",E05009360,E04004551,E65000001,RG291FD,RG29 1FD,RG29 1FD,E14001392,E23000030,E12000008,F1,RSN1,E38000253,E30000164,"0",E33042288
"1307710",E630,E35000626,E56000016,E58000580,E92000001,"200801",,E54000042,"31252",E07000089,51.2530288696289,E37000046,,-0.942408978939056,E01022888,E01022888,E02004761,E02004761,E40000005,E00116301,E00116301,5B3,E10000014,"473903","1",E18000009,E07000089,"0150960",E05009360,E04004549,E65000001,RG291FE,RG29 1FE,RG29 1FE,E14001392,E23000030,E12000008,D1,RLN1,E38000253,E30000164,"0",E33042287
"1307711",,E35000626,E56000016,E58000580,E92000001,"201506",,E54000042,"25550",E07000089,51.2158355712891,E37000046,,-0.93955397605896,E01032855,E01032855,E02004761,E02004761,E40000005,E00167922,E00167922,5B2,E10000014,"474162","1",E18000009,E07000089,"0146827",E05009360,E04004547,E65000001,RG291FF,RG29 1FF,RG29 1FF,E14001392,E23000030,E12000008,E1,RSN1,E38000253,E30000164,"0",E33042284
"1307712",E630,E35000626,E56000016,E58000580,E92000001,"201205",,E54000042,"31252",E07000089,51.2539482116699,E37000046,,-0.936856985092163,E01022888,E01022888,E02004761,E02004761,E40000005,E00116301,E00116301,5B3,E10000014,"474289","1",E18000009,E07000089,"0151068",E05009360,E04004549,E65000001,RG291FG,RG29 1FG,RG29 1FG,E14001392,E23000030,E12000008,D1,RLN1,E38000253,E30000164,"0",E33042287
"1307713",E630,E35001138,E56000016,E58000580,E92000001,"201105",,E54000042,"23739",E07000089,51.2585868835449,E37000046,,-0.953818023204803,E01022889,E01022889,E02004761,E02004761,E40000005,E00116298,E00116298,5A1,E10000014,"473098","1",E18000009,E07000089,"0151567",E05009360,E04004549,E65000001,RG291FH,RG29 1FH,RG29 1FH,E14001392,E23000030,E12000008,D1,RSN1,E38000253,E30000164,"0",E33042286
"1307714",E630,E35000626,E56000016,E58000580,E92000001,"201112",,E54000042,"31252",E07000089,51.2548484802246,E37000046,,-0.940118014812469,E01022888,E01022888,E02004761,E02004761,E40000005,E00116301,E00116301,5B3,E10000014,"474060","1",E18000009,E07000089,"0151165",E05009360,E04004549,E65000001,RG291FJ,RG29 1FJ,RG29 1FJ,E14001392,E23000030,E12000008,D1,RLN1,E38000253,E30000164,"0",E33042287
"1307715",E630,E35999999,E56000016,E58000580,E92000001,"201607",,E54000042,"31252",E07000089,51.2569160461426,E37000046,,-0.929063975811005,E01022888,E01022888,E02004761,E02004761,E40000005,E00116302,E00184972,6A4,E10000014,"474828","1",E18000009,E07000089,"0151406",E05009360,E04004549,E65000001,RG291FL,RG29 1FL,RG29 1FL,E14001392,E23000030,E12000008,D1,RSN1,E38000253,E30000164,"0",E33042285
"1307716",E630,E35999999,E56000016,E58000580,E92000001,"201607",,E54000042,"31252",E07000089,51.2566566467285,E37000046,,-0.929127991199493,E01022888,E01022888,E02004761,E02004761,E40000005,E00116302,E00184972,6A4,E10000014,"474824","1",E18000009,E07000089,"0151377",E05009360,E04004549,E65000001,RG291FN,RG29 1FN,RG29 1FN,E14001392,E23000030,E12000008,D1,RSN1,E38000253,E30000164,"0",E33042285
"1307717",E630,E35999999,E56000016,E58000580,E92000001,"201606",,E54000042,"31252",E07000089,51.257381439209,E37000046,,-0.930586993694305,E01022888,E01022888,E02004761,E02004761,E40000005,E00116302,E00184972,6A4,E10000014,"474721","1",E18000009,E07000089,"0151456",E05009360,E04004549,E65000001,RG291FP,RG29 1FP,RG29 1FP,E14001392,E23000030,E12000008,D1,RSN1,E38000253,E30000164,"0",E33042285
"1307718",E630,E35999999,E56000016,E58000580,E92000001,"201607",,E54000042,"31252",E07000089,51.2572288513184,E37000046,,-0.930791020393372,E01022888,E01022888,E02004761,E02004761,E40000005,E00116302,E00184972,6A4,E10000014,"474707","1",E18000009,E07000089,"0151439",E05009360,E04004549,E65000001,RG291FQ,RG29 1FQ,RG29 1FQ,E14001392,E23000030,E12000008,D1,RSN1,E38000253,E30000164,"0",E33042285
"1307719",E630,E35999999,E56000016,E58000580,E92000001,"201607",,E54000042,"31252",E07000089,51.2579040527344,E37000046,,-0.929858028888702,E01022888,E01022888,E02004761,E02004761,E40000005,E00116302,E00184972,6A4,E10000014,"474771","1",E18000009,E07000089,"0151515",E05009360,E04004549,E65000001,RG291FR,RG29 1FR,RG29 1FR,E14001392,E23000030,E12000008,D1,RSN1,E38000253,E30000164,"0",E33042285
"1307720",E630,E35000626,E56000016,E58000580,E92000001,"201801",,E54000042,"31252",E07000089,51.2542686462402,E37000046,,-0.930630028247833,E01022888,E01022888,E02004761,E02004761,E40000005,E00116302,E00184972,6A4,E10000014,"474723","1",E18000009,E07000089,"0151110",E05009360,E04004549,E65000001,RG291FT,RG29 1FT,RG29 1FT,E14001392,E23000030,E12000008,D1,RSN1,E38000253,E30000164,"0",E33042285
"1307721",E630,E35000626,E56000016,E58000580,E92000001,"201901",,E54000042,"31252",E07000089,51.2538642883301,E37000046,,-0.942489981651306,E01022888,E01022888,E02004761,E02004761,E40000005,E00116301,E00116301,5B3,E10000014,"473896","1",E18000009,E07000089,"0151053",E05009360,E04004549,E65000001,RG291FU,RG29 1FU,RG29 1FU,E14001392,E23000030,E12000008,D1,RLN1,E38000253,E30000164,"0",E33042287
"1307723",E630,E35000626,E56000016,E58000580,E92000001,"201803",,E54000042,"31252",E07000089,51.2579765319824,E37000046,,-0.931088984012604,E01022888,E01022888,E02004761,E02004761,E40000005,E00116302,E00184972,6A4,E10000014,"474685","1",E18000009,E07000089,"0151522",E05009360,E04004549,E65000001,RG291FX,RG29 1FX,RG29 1FX,E14001392,E23000030,E12000008,D1,RSN1,E38000253,E30000164,"0",E33042285
"1307724",E630,E35001138,E56000016,E58000580,E92000001,"202007",,E54000042,"31252",E07000089,51.256420135498,E37000046,,-0.949625015258789,E01022888,E01022888,E02004761,E02004761,E40000005,E00116297,E00116297,6B2,E10000014,"473394","1",E18000009,E07000089,"0151330",E05009360,E04004549,E65000001,RG291FY,RG29 1FY,RG29 1FY,E14001392,E23000030,E12000008,D1,RLN1,E38000253,E30000164,"0",E33042286
"1307725",E630,E35999999,E56000016,E58000580,E92000001,"201906",,E54000042,"31785",E07000089,51.2190895080566,E37000046,,-0.944233000278473,E01032856,E01032856,E02004761,E02004761,E40000005,E00167925,E00167925,1B2,E10000014,"473830","1",E18000009,E07000089,"0147184",E05009360,E04004547,E65000001,RG291FZ,RG29 1FZ,RG29 1FZ,E14001392,E23000030,E12000008,E1,RSN1,E38000253,E30000164,"0",E33042284
"1307726",E630,E35001138,E56000016,E58000580,E92000001,"202007",,E54000042,"23739",E07000089,51.2624168395996,E37000046,,-0.95175302028656,E01022889,E01022889,E02004761,E02004761,E40000005,E00116298,E00116298,5A1,E10000014,"473236","1",E18000009,E07000089,"0151995",E05009360,E04004549,E65000001,RG291GA,RG29 1GA,RG29 1GA,E14001392,E23000030,E12000008,D1,RSN1,E38000253,E30000164,"0",E33042286
"1307727",E630,E35001138,E56000016,E58000580,E92000001,"202103",,E54000042,"23739",E07000089,51.2586288452148,E37000046,,-0.952484011650085,E01022889,E01022889,E02004761,E02004761,E40000005,E00116298,E00116298,5A1,E10000014,"473191","1",E18000009,E07000089,"0151573",E05009360,E04004549,E65000001,RG291GB,RG29 1GB,RG29 1GB,E14001392,E23000030,E12000008,D1,RSN1,E38000253,E30000164,"0",E33042286
"1307728",E630,E35000626,E56000016,E58000580,E92000001,"202210",,E54000042,"23739",E07000089,51.2538261413574,E37000046,,-0.949383974075317,E01022889,E01022889,E02004761,E02004761,E40000005,E00116303,E00116303,5B1,E10000014,"473415","1",E18000009,E07000089,"0151042",E05009360,E04004549,E65000001,RG291GD,RG29 1GD,RG29 1GD,E14001392,E23000030,E12000008,D1,RLN1,E38000253,E30000164,"0",E33042289
"1307730",,E35999999,E56000016,E58000580,E92000001,"202205",,E54000042,"25550",E07000089,51.2521743774414,E37000046,,-0.984326004981995,E01032855,E01032855,E02004761,E02004761,E40000005,E00116287,E00116287,1B2,E10000014,"470979","1",E18000009,E07000089,"0150824",E05009360,E04004542,E65000001,RG291GF,RG29 1GF,RG29 1GF,E14001392,E23000030,E12000008,E1,RSN1,E38000253,E30000164,"0",E33042286
"1307733",E630,E35001138,E56000016,E58000580,E92000001,"199507",,E54000042,"23739",E07000089,51.2646026611328,E37000046,,-0.952849984169006,E01022889,E01022889,E02004761,E02004761,E40000005,E00116298,E00116298,5A1,E10000014,"473156","1",E18000009,E07000089,"0152237",E05009360,E04004549,E65000001,RG291HB,RG29 1HB,RG29 1HB,E14001392,E23000030,E12000008,D1,RSN1,E38000253,E30000164,"0",E33042286
"1307735",E630,E35001138,E56000016,E58000580,E92000001,"199507",,E54000042,"23739",E07000089,51.2646179199219,E37000046,,-0.953208029270172,E01022889,E01022889,E02004761,E02004761,E40000005,E00116298,E00116298,5A1,E10000014,"473131","1",E18000009,E07000089,"0152238",E05009360,E04004549,E65000001,RG291HE,RG29 1HE,RG29 1HE,E14001392,E23000030,E12000008,D1,RSN1,E38000253,E30000164,"0",E33042286
"1307739",E630,E35000626,E56000016,E58000580,E92000001,"200402",,E54000042,"31252",E07000089,51.2584037780762,E37000046,,-0.931307971477509,E01022888,E01022888,E02004761,E02004761,E40000005,E00116302,E00184972,6A4,E10000014,"474669","1",E18000009,E07000089,"0151569",E05009360,E04004549,E65000001,RG291HJ,RG29 1HJ,RG29 1HJ,E14001392,E23000030,E12000008,D1,RSN1,E38000253,E30000164,"0",E33042285
"1307741",E630,E35000626,E56000016,E58000580,E92000001,"200401",,E54000042,"31252",E07000089,51.2545585632324,E37000046,,-0.94062602519989,E01022888,E01022888,E02004761,E02004761,E40000005,E00116301,E00116301,5B3,E10000014,"474025","1",E18000009,E07000089,"0151132",E05009360,E04004549,E65000001,RG291HP,RG29 1HP,RG29 1HP,E14001392,E23000030,E12000008,D1,RLN1,E38000253,E30000164,"0",E33042287
"1307763",E630,E35001138,E56000016,E58000580,E92000001,"199507",,E54000042,"23739",E07000089,51.258674621582,E37000046,,-0.95440399646759,E01022889,E01022889,E02004761,E02004761,E40000005,E00116298,E00116298,5A1,E10000014,"473057","1",E18000009,E07000089,"0151576",E05009360,E04004549,E65000001,RG291JT,RG29 1JT,RG29 1JT,E14001392,E23000030,E12000008,D1,RSN1,E38000253,E30000164,"0",E33042286
"1307764",E630,E35000626,E56000016,E58000580,E92000001,"199606",,E54000042,"31252",E07000089,51.253849029541,E37000046,,-0.941902995109558,E01022888,E01022888,E02004761,E02004761,E40000005,E00116301,E00116301,5B3,E10000014,"473937","1",E18000009,E07000089,"0151052",E05009360,E04004549,E65000001,RG291JU,RG29 1JU,RG29 1JU,E14001392,E23000030,E12000008,D1,RLN1,E38000253,E30000164,"0",E33042287
"1307766",E630,E35000626,E56000016,E58000580,E92000001,"199507",,E54000042,"23739",E07000089,51.254508972168,E37000046,,-0.943077027797699,E01022889,E01022889,E02004761,E02004761,E40000005,E00116303,E00116303,5B1,E10000014,"473854","1",E18000009,E07000089,"0151124",E05009360,E04004549,E65000001,RG291JX,RG29 1JX,RG29 1JX,E14001392,E23000030,E12000008,D1,RLN1,E38000253,E30000164,"0",E33042289
"1307767",E630,E35000626,E56000016,E58000580,E92000001,"199507",,E54000042,"31252",E07000089,51.2545433044434,E37000046,,-0.941012978553772,E01022888,E01022888,E02004761,E02004761,E40000005,E00116301,E00116301,5B3,E10000014,"473998","1",E18000009,E07000089,"0151130",E05009360,E04004549,E65000001,RG291JY,RG29 1JY,RG29 1JY,E14001392,E23000030,E12000008,D1,RLN1,E38000253,E30000164,"0",E33042287
"1307768",E630,E35000626,E56000016,E58000580,E92000001,"199507",,E54000042,"23739",E07000089,51.2548446655273,E37000046,,-0.942395985126495,E01022889,E01022889,E02004761,E02004761,E40000005,E00116303,E00116303,5B1,E10000014,"473901","1",E18000009,E07000089,"0151162",E05009360,E04004549,E65000001,RG291JZ,RG29 1JZ,RG29 1JZ,E14001392,E23000030,E12000008,D1,RLN1,E38000253,E30000164,"0",E33042289
"1307769",E630,E35000626,E56000016,E58000580,E92000001,"199507",,E54000042,"31252",E07000089,51.253849029541,E37000046,,-0.940742015838623,E01022888,E01022888,E02004761,E02004761,E40000005,E00116304,E00116304,5B3,E10000014,"474018","1",E18000009,E07000089,"0151053",E05009360,E04004549,E65000001,RG291LA,RG29 1LA,RG29 1LA,E14001392,E23000030,E12000008,D1,RLN1,E38000253,E30000164,"0",E33042287
"1307770",E630,E35000626,E56000016,E58000580,E92000001,"199507",,E54000042,"31252",E07000089,51.2539024353027,E37000046,,-0.939881026744843,E01022888,E01022888,E02004761,E02004761,E40000005,E00116304,E00116304,5B3,E10000014,"474078","1",E18000009,E07000089,"0151060",E05009360,E04004549,E65000001,RG291LB,RG29 1LB,RG29 1LB,E14001392,E23000030,E12000008,D1,RLN1,E38000253,E30000164,"0",E33042287
"1307771",E630,E35000626,E56000016,E58000580,E92000001,"199507",,E54000042,"31252",E07000089,51.2545471191406,E37000046,,-0.936571002006531,E01022888,E01022888,E02004761,E02004761,E40000005,E00116301,E00116301,5B3,E10000014,"474308","1",E18000009,E07000089,"0151135",E05009360,E04004549,E65000001,RG291LE,RG29 1LE,RG29 1LE,E14001392,E23000030,E12000008,D1,RLN1,E38000253,E30000164,"0",E33042287
"1307772",E630,E35000626,E56000016,E58000580,E92000001,"199507",,E54000042,"31252",E07000089,51.2539863586426,E37000046,,-0.938288986682892,E01022888,E01022888,E02004761,E02004761,E40000005,E00116304,E00116304,5B3,E10000014,"474189","1",E18000009,E07000089,"0151071",E05009360,E04004549,E65000001,RG291LF,RG29 1LF,RG29 1LF,E14001392,E23000030,E12000008,D1,RLN1,E38000253,E30000164,"0",E33042287
"1307773",E630,E35000626,E56000016,E58000580,E92000001,"199507",,E54000042,"31252",E07000089,51.2547836303711,E37000046,,-0.936752021312714,E01022888,E01022888,E02004761,E02004761,E40000005,E00116301,E00116301,5B3,E10000014,"474295","1",E18000009,E07000089,"0151161",E05009360,E04004549,E65000001,RG291LG,RG29 1LG,RG29 1LG,E14001392,E23000030,E12000008,D1,RLN1,E38000253,E30000164,"0",E33042287
"1307774",E630,E35000626,E56000016,E58000580,E92000001,"199507",,E54000042,"31252",E07000089,51.2548828125,E37000046,,-0.934957981109619,E01022888,E01022888,E02004761,E02004761,E40000005,E00116302,E00184866,6A4,E10000014,"474420","1",E18000009,E07000089,"0151174",E05009360,E04004549,E65000001,RG291LH,RG29 1LH,RG29 1LH,E14001392,E23000030,E12000008,D1,RLN1,E38000253,E30000164,"0",E33042285
"1307775",E630,E35000626,E56000016,E58000580,E92000001,"200211",,E54000042,"31252",E07000089,51.2546195983887,E37000046,,-0.941370010375977,E01022888,E01022888,E02004761,E02004761,E40000005,E00116301,E00116301,5B3,E10000014,"473973","1",E18000009,E07000089,"0151138",E05009360,E04004549,E65000001,RG291LJ,RG29 1LJ,RG29 1LJ,E14001392,E23000030,E12000008,D1,RLN1,E38000253,E30000164,"0",E33042287
"1307776",E630,E35000626,E56000016,E58000580,E92000001,"199507",,E54000042,"31252",E07000089,51.2544326782227,E37000046,,-0.938679993152618,E01022888,E01022888,E02004761,E02004761,E40000005,E00116301,E00116301,5B3,E10000014,"474161","1",E18000009,E07000089,"0151120",E05009360,E04004549,E65000001,RG291LN,RG29 1LN,RG29 1LN,E14001392,E23000030,E12000008,D1,RLN1,E38000253,E30000164,"0",E33042287
"1307777",E630,E35000626,E56000016,E58000580,E92000001,"199507",,E54000042,"31252",E07000089,51.2545051574707,E37000046,,-0.939997017383575,E01022888,E01022888,E02004761,E02004761,E40000005,E00116301,E00116301,5B3,E10000014,"474069","1",E18000009,E07000089,"0151127",E05009360,E04004549,E65000001,RG291LP,RG29 1LP,RG29 1LP,E14001392,E23000030,E12000008,D1,RLN1,E38000253,E30000164,"0",E33042287
"1307778",E630,E35000626,E56000016,E58000580,E92000001,"199507",,E54000042,"31252",E07000089,51.2540893554688,E37000046,,-0.940680027008057,E01022888,E01022888,E02004761,E02004761,E40000005,E00116301,E00116301,5B3,E10000014,"474022","1",E18000009,E07000089,"0151080",E05009360,E04004549,E65000001,RG291LR,RG29 1LR,RG29 1LR,E14001392,E23000030,E12000008,D1,RLN1,E38000253,E30000164,"0",E33042287
"1307779",E630,E35000626,E56000016,E58000580,E92000001,"199507",,E54000042,"31252",E07000089,51.2541351318359,E37000046,,-0.940663993358612,E01022888,E01022888,E02004761,E02004761,E40000005,E00116301,E00116301,5B3,E10000014,"474023","1",E18000009,E07000089,"0151085",E05009360,E04004549,E65000001,RG291LS,RG29 1LS,RG29 1LS,E14001392,E23000030,E12000008,D1,RLN1,E38000253,E30000164,"0",E33042287
"1307780",E630,E35000626,E56000016,E58000580,E92000001,"199507",,E54000042,"31252",E07000089,51.253978729248,E37000046,,-0.941340982913971,E01022888,E01022888,E02004761,E02004761,E40000005,E00116301,E00116301,5B3,E10000014,"473976","1",E18000009,E07000089,"0151067",E05009360,E04004549,E65000001,RG291LT,RG29 1LT,RG29 1LT,E14001392,E23000030,E12000008,D1,RLN1,E38000253,E30000164,"0",E33042287
"1307781",E630,E35000626,E56000016,E58000580,E92000001,"199507",,E54000042,"31252",E07000089,51.2533950805664,E37000046,,-0.94131201505661,E01022888,E01022888,E02004761,E02004761,E40000005,E00116304,E00116304,5B3,E10000014,"473979","1",E18000009,E07000089,"0151002",E05009360,E04004549,E65000001,RG291LU,RG29 1LU,RG29 1LU,E14001392,E23000030,E12000008,D1,RLN1,E38000253,E30000164,"0",E33042287
"1307782",E630,E35000626,E56000016,E58000580,E92000001,"199507",,E54000042,"31252",E07000089,51.253303527832,E37000046,,-0.94011002779007,E01022888,E01022888,E02004761,E02004761,E40000005,E00116304,E00116304,5B3,E10000014,"474063","1",E18000009,E07000089,"0150993",E05009360,E04004549,E65000001,RG291LY,RG29 1LY,RG29 1LY,E14001392,E23000030,E12000008,D1,RLN1,E38000253,E30000164,"0",E33042287
"1307783",E630,E35000626,E56000016,E58000580,E92000001,"199507",,E54000042,"31252",E07000089,51.2532958984375,E37000046,,-0.941098988056183,E01022888,E01022888,E02004761,E02004761,E40000005,E00116304,E00116304,5B3,E10000014,"473994","1",E18000009,E07000089,"0150991",E05009360,E04004549,E65000001,RG291LZ,RG29 1LZ,RG29 1LZ,E14001392,E23000030,E12000008,D1,RLN1,E38000253,E30000164,"0",E33042287
"1307784",E630,E35000626,E56000016,E58000580,E92000001,"199507",,E54000042,"23739",E07000089,51.2531280517578,E37000046,,-0.952624022960663,E01022889,E01022889,E02004761,E02004761,E40000005,E00116303,E00116303,5B1,E10000014,"473190","1",E18000009,E07000089,"0150961",E05009360,E04004549,E65000001,RG291NA,RG29 1NA,RG29 1NA,E14001392,E23000030,E12000008,D1,RLN1,E38000253,E30000164,"1",E33042289
"1307785",E630,E35000626,E56000016,E58000580,E92000001,"199507",,E54000042,"31252",E07000089,51.2529411315918,E37000046,,-0.939889013767242,E01022888,E01022888,E02004761,E02004761,E40000005,E00116304,E00116304,5B3,E10000014,"474079","1",E18000009,E07000089,"0150953",E05009360,E04004549,E65000001,RG291NB,RG29 1NB,RG29 1NB,E14001392,E23000030,E12000008,D1,RLN1,E38000253,E30000164,"0",E33042287
"1307786",E630,E35000626,E56000016,E58000580,E92000001,"199507",,E54000042,"31252",E07000089,51.253044128418,E37000046,,-0.939543008804321,E01022888,E01022888,E02004761,E02004761,E40000005,E00116304,E00116304,5B3,E10000014,"474103","1",E18000009,E07000089,"0150965",E05009360,E04004549,E65000001,RG291ND,RG29 1ND,RG29 1ND,E14001392,E23000030,E12000008,D1,RLN1,E38000253,E30000164,"0",E33042287
"1307787",E630,E35000626,E56000016,E58000580,E92000001,"199507",,E54000042,"31252",E07000089,51.251781463623,E37000046,,-0.939786970615387,E01022888,E01022888,E02004761,E02004761,E40000005,E00116304,E00116304,5B3,E10000014,"474088","1",E18000009,E07000089,"0150824",E05009360,E04004549,E65000001,RG291NE,RG29 1NE,RG29 1NE,E14001392,E23000030,E12000008,D1,RLN1,E38000253,E30000164,"0",E33042287
"1307788",E630,E35000626,E56000016,E58000580,E92000001,"199507",,E54000042,"31252",E07000089,51.2504997253418,E37000046,,-0.937193989753723,E01022888,E01022888,E02004761,E02004761,E40000005,E00116302,E00184866,6A4,E10000014,"474271","1",E18000009,E07000089,"0150684",E05009360,E04004549,E65000001,RG291NF,RG29 1NF,RG29 1NF,E14001392,E23000030,E12000008,D1,RLN1,E38000253,E30000164,"0",E33042285
"1307789",E630,E35000626,E56000016,E58000580,E92000001,"199507",,E54000042,"31252",E07000089,51.2516403198242,E37000046,,-0.937111020088196,E01022888,E01022888,E02004761,E02004761,E40000005,E00116302,E00184866,6A4,E10000014,"474275","1",E18000009,E07000089,"0150811",E05009360,E04004549,E65000001,RG291NG,RG29 1NG,RG29 1NG,E14001392,E23000030,E12000008,D1,RLN1,E38000253,E30000164,"0",E33042285
"1307790",E630,E35000626,E56000016,E58000580,E92000001,"199507",,E54000042,"31252",E07000089,51.2518730163574,E37000046,,-0.938064992427826,E01022888,E01022888,E02004761,E02004761,E40000005,E00116304,E00116304,5B3,E10000014,"474208","1",E18000009,E07000089,"0150836",E05009360,E04004549,E65000001,RG291NH,RG29 1NH,RG29 1NH,E14001392,E23000030,E12000008,D1,RLN1,E38000253,E30000164,"0",E33042287
"1307791",E630,E35000626,E56000016,E58000580,E92000001,"199507",,E54000042,"31252",E07000089,51.2528953552246,E37000046,,-0.938672006130219,E01022888,E01022888,E02004761,E02004761,E40000005,E00116304,E00116304,5B3,E10000014,"474164","1",E18000009,E07000089,"0150949",E05009360,E04004549,E65000001,RG291NJ,RG29 1NJ,RG29 1NJ,E14001392,E23000030,E12000008,D1,RLN1,E38000253,E30000164,"0",E33042287
"1307792",E630,E35000626,E56000016,E58000580,E92000001,"199507",,E54000042,"31252",E07000089,51.2532348632812,E37000046,,-0.938521027565002,E01022888,E01022888,E02004761,E02004761,E40000005,E00116304,E00116304,5B3,E10000014,"474174","1",E18000009,E07000089,"0150987",E05009360,E04004549,E65000001,RG291NL,RG29 1NL,RG29 1NL,E14001392,E23000030,E12000008,D1,RLN1,E38000253,E30000164,"0",E33042287
"1307793",E630,E35000626,E56000016,E58000580,E92000001,"200501",,E54000042,"31252",E07000089,51.2538642883301,E37000046,,-0.939381003379822,E01022888,E01022888,E02004761,E02004761,E40000005,E00116304,E00116304,5B3,E10000014,"474113","1",E18000009,E07000089,"0151056",E05009360,E04004549,E65000001,RG291NN,RG29 1NN,RG29 1NN,E14001392,E23000030,E12000008,D1,RLN1,E38000253,E30000164,"0",E33042287
"1307794",E630,E35000626,E56000016,E58000580,E92000001,"199507",,E54000042,"23739",E07000089,51.2538948059082,E37000046,,-0.943965017795563,E01022889,E01022889,E02004761,E02004761,E40000005,E00116303,E00116303,5B1,E10000014,"473793","1",E18000009,E07000089,"0151055",E05009360,E04004549,E65000001,RG291NP,RG29 1NP,RG29 1NP,E14001392,E23000030,E12000008,D1,RLN1,E38000253,E30000164,"0",E33042289
"1307795",E630,E35000626,E56000016,E58000580,E92000001,"199507",,E54000042,"31252",E07000089,51.2532272338867,E37000046,,-0.938750982284546,E01022888,E01022888,E02004761,E02004761,E40000005,E00116304,E00116304,5B3,E10000014,"474158","1",E18000009,E07000089,"0150986",E05009360,E04004549,E65000001,RG291NQ,RG29 1NQ,RG29 1NQ,E14001392,E23000030,E12000008,D1,RLN1,E38000253,E30000164,"0",E33042287
"1307796",E630,E35000626,E56000016,E58000580,E92000001,"199507",,E54000042,"23739",E07000089,51.2531585693359,E37000046,,-0.946060001850128,E01022889,E01022889,E02004761,E02004761,E40000005,E00116303,E00116303,5B1,E10000014,"473648","1",E18000009,E07000089,"0150971",E05009360,E04004549,E65000001,RG291NR,RG29 1NR,RG29 1NR,E14001392,E23000030,E12000008,D1,RLN1,E38000253,E30000164,"0",E33042289
"1307797",E630,E35000626,E56000016,E58000580,E92000001,"199507",,E54000042,"23739",E07000089,51.2529563903809,E37000046,,-0.947440028190613,E01022889,E01022889,E02004761,E02004761,E40000005,E00116303,E00116303,5B1,E10000014,"473552","1",E18000009,E07000089,"0150947",E05009360,E04004549,E65000001,RG291NS,RG29 1NS,RG29 1NS,E14001392,E23000030,E12000008,D1,RLN1,E38000253,E30000164,"0",E33042289
"1307798",E630,E35000626,E56000016,E58000580,E92000001,"199507",,E54000042,"23739",E07000089,51.2532691955566,E37000046,,-0.946229994297028,E01022889,E01022889,E02004761,E02004761,E40000005,E00116303,E00116303,5B1,E10000014,"473636","1",E18000009,E07000089,"0150983",E05009360,E04004549,E65000001,RG291NT,RG29 1NT,RG29 1NT,E14001392,E23000030,E12000008,D1,RLN1,E38000253,E30000164,"0",E33042289
"1307799",E630,E35000626,E56000016,E58000580,E92000001,"199507",,E54000042,"23739",E07000089,51.2519264221191,E37000046,,-0.948065996170044,E01022889,E01022889,E02004761,E02004761,E40000005,E00116306,E00116306,8C1,E10000014,"473510","1",E18000009,E07000089,"0150832",E05009360,E04004549,E65000001,RG291NU,RG29 1NU,RG29 1NU,E14001392,E23000030,E12000008,D1,RLN1,E38000253,E30000164,"0",E33042289
"1307800",E630,E35000626,E56000016,E58000580,E92000001,"199507",,E54000042,"31252",E07000089,51.2532730102539,E37000046,,-0.942646980285645,E01022888,E01022888,E02004761,E02004761,E40000005,E00116301,E00116301,5B3,E10000014,"473886","1",E18000009,E07000089,"0150987",E05009360,E04004549,E65000001,RG291NW,RG29 1NW,RG29 1NW,E14001392,E23000030,E12000008,D1,RLN1,E38000253,E30000164,"0",E33042287
"1307801",E630,E35000626,E56000016,E58000580,E92000001,"199507",,E54000042,"23739",E07000089,51.2532768249512,E37000046,,-0.949051976203918,E01022889,E01022889,E02004761,E02004761,E40000005,E00116303,E00116303,5B1,E10000014,"473439","1",E18000009,E07000089,"0150981",E05009360,E04004549,E65000001,RG291NX,RG29 1NX,RG29 1NX,E14001392,E23000030,E12000008,D1,RLN1,E38000253,E30000164,"0",E33042289
"1307802",E630,E35000626,E56000016,E58000580,E92000001,"199507",,E54000042,"23739",E07000089,51.252010345459,E37000046,,-0.949295997619629,E01022889,E01022889,E02004761,E02004761,E40000005,E00116306,E00116306,8C1,E10000014,"473424","1",E18000009,E07000089,"0150840",E05009360,E04004549,E65000001,RG291NY,RG29 1NY,RG29 1NY,E14001392,E23000030,E12000008,D1,RLN1,E38000253,E30000164,"0",E33042289
"1307803",E630,E35000626,E56000016,E58000580,E92000001,"199507",,E54000042,"23739",E07000089,51.2518005371094,E37000046,,-0.950016975402832,E01022889,E01022889,E02004761,E02004761,E40000005,E00116306,E00116306,8C1,E10000014,"473374","1",E18000009,E07000089,"0150816",E05009360,E04004549,E65000001,RG291NZ,RG29 1NZ,RG29 1NZ,E14001392,E23000030,E12000008,D1,RLN1,E38000253,E30000164,"0",E33042289
"1307804",E630,E35000626,E56000016,E58000580,E92000001,"199507",,E54000042,"23739",E07000089,51.2516632080078,E37000046,,-0.950751006603241,E01022889,E01022889,E02004761,E02004761,E40000005,E00116306,E00116306,8C1,E10000014,"473323","1",E18000009,E07000089,"0150800",E05009360,E04004549,E65000001,RG291PA,RG29 1PA,RG29 1PA,E14001392,E23000030,E12000008,D1,RLN1,E38000253,E30000164,"0",E33042289
"1307805",E630,E35000626,E56000016,E58000580,E92000001,"199606",,E54000042,"23739",E07000089,51.2511024475098,E37000046,,-0.949145019054413,E01022889,E01022889,E02004761,E02004761,E40000005,E00116306,E00116306,8C1,E10000014,"473436","1",E18000009,E07000089,"0150739",E05009360,E04004549,E65000001,RG291PB,RG29 1PB,RG29 1PB,E14001392,E23000030,E12000008,D1,RLN1,E38000253,E30000164,"0",E33042289
"1307806",E630,E35000626,E56000016,E58000580,E92000001,"199507",,E54000042,"31252",E07000089,51.2515983581543,E37000046,,-0.953561007976532,E01022888,E01022888,E02004761,E02004761,E40000005,E00116305,E00116305,1B2,E10000014,"473127","1",E18000009,E07000089,"0150790",E05009360,E04004549,E65000001,RG291PD,RG29 1PD,RG29 1PD,E14001392,E23000030,E12000008,E1,RSN1,E38000253,E30000164,"0",E33042285
"1307807",E630,E35000626,E56000016,E58000580,E92000001,"199507",,E54000042,"31252",E07000089,51.2510566711426,E37000046,,-0.95337301492691,E01022888,E01022888,E02004761,E02004761,E40000005,E00116305,E00116305,1B2,E10000014,"473141","1",E18000009,E07000089,"0150730",E05009360,E04004549,E65000001,RG291PE,RG29 1PE,RG29 1PE,E14001392,E23000030,E12000008,E1,RSN1,E38000253,E30000164,"0",E33042285
"1307808",E630,E35000626,E56000016,E58000580,E92000001,"199507",,E54000042,"31252",E07000089,51.2509803771973,E37000046,,-0.951784014701843,E01022888,E01022888,E02004761,E02004761,E40000005,E00116305,E00116305,1B2,E10000014,"473252","1",E18000009,E07000089,"0150723",E05009360,E04004549,E65000001,RG291PF,RG29 1PF,RG29 1PF,E14001392,E23000030,E12000008,E1,RSN1,E38000253,E30000164,"0",E33042285
"1307809",E630,E35000626,E56000016,E58000580,E92000001,"199507",,E54000042,"31252",E07000089,51.2516136169434,E37000046,,-0.952214002609253,E01022888,E01022888,E02004761,E02004761,E40000005,E00116305,E00116305,1B2,E10000014,"473221","1",E18000009,E07000089,"0150793",E05009360,E04004549,E65000001,RG291PG,RG29 1PG,RG29 1PG,E14001392,E23000030,E12000008,E1,RSN1,E38000253,E30000164,"0",E33042285
"1307810",E630,E35000626,E56000016,E58000580,E92000001,"199507",,E54000042,"31252",E07000089,51.2528533935547,E37000046,,-0.945050001144409,E01022888,E01022888,E02004761,E02004761,E40000005,E00116301,E00116301,5B3,E10000014,"473719","1",E18000009,E07000089,"0150938",E05009360,E04004549,E65000001,RG291PH,RG29 1PH,RG29 1PH,E14001392,E23000030,E12000008,D1,RLN1,E38000253,E30000164,"0",E33042287
"1307811",E630,E35000626,E56000016,E58000580,E92000001,"199507",,E54000042,"31252",E07000089,51.2513885498047,E37000046,,-0.945039987564087,E01022888,E01022888,E02004761,E02004761,E40000005,E00116305,E00116305,1B2,E10000014,"473722","1",E18000009,E07000089,"0150775",E05009360,E04004549,E65000001,RG291PJ,RG29 1PJ,RG29 1PJ,E14001392,E23000030,E12000008,E1,RSN1,E38000253,E30000164,"0",E33042285
"1307812",E630,E35000626,E56000016,E58000580,E92000001,"199507",,E54000042,"23739",E07000089,51.2520904541016,E37000046,,-0.946042001247406,E01022889,E01022889,E02004761,E02004761,E40000005,E00116306,E00116306,8C1,E10000014,"473651","1",E18000009,E07000089,"0150852",E05009360,E04004549,E65000001,RG291PL,RG29 1PL,RG29 1PL,E14001392,E23000030,E12000008,D1,RLN1,E38000253,E30000164,"0",E33042289
"1307813",E630,E35999999,E56000016,E58000580,E92000001,"199507",,E54000042,"31785",E07000089,51.2445602416992,E37000046,,-0.946757972240448,E01032856,E01032856,E02004761,E02004761,E40000005,E00116289,E00184889,6B2,E10000014,"473613","1",E18000009,E07000089,"0150014",E05009360,E04004549,E65000001,RG291PN,RG29 1PN,RG29 1PN,E14001392,E23000030,E12000008,E1,RSN1,E38000253,E30000164,"0",E33042285
"1307814",E630,E35999999,E56000016,E58000580,E92000001,"199507",,E54000042,"31252",E07000089,51.245964050293,E37000046,,-0.949877977371216,E01022888,E01022888,E02004761,E02004761,E40000005,E00116305,E00116305,1B2,E10000014,"473393","1",E18000009,E07000089,"0150167",E05009360,E04004549,E65000001,RG291PP,RG29 1PP,RG29 1PP,E14001392,E23000030,E12000008,E1,RSN1,E38000253,E30000164,"0",E33042285
"1307815",E630,E35000626,E56000016,E58000580,E92000001,"199507",,E54000042,"31252",E07000089,51.2512741088867,E37000046,,-0.952537000179291,E01022888,E01022888,E02004761,E02004761,E40000005,E00116305,E00116305,1B2,E10000014,"473199","1",E18000009,E07000089,"0150755",E05009360,E04004549,E65000001,RG291PQ,RG29 1PQ,RG29 1PQ,E14001392,E23000030,E12000008,E1,RSN1,E38000253,E30000164,"0",E33042285
"1307816",E630,E35999999,E56000016,E58000580,E92000001,"199507",,E54000042,"31785",E07000089,51.2448272705078,E37000046,,-0.944732010364532,E01032856,E01032856,E02004761,E02004761,E40000005,E00116289,E00184889,6B2,E10000014,"473754","1",E18000009,E07000089,"0150046",E05009360,E04004549,E65000001,RG291PR,RG29 1PR,RG29 1PR,E14001392,E23000030,E12000008,E1,RSN1,E38000253,E30000164,"0",E33042285
"1307817",E630,E35999999,E56000016,E58000580,E92000001,"199507",,E54000042,"31785",E07000089,51.2454986572266,E37000046,,-0.945188999176025,E01032856,E01032856,E02004761,E02004761,E40000005,E00116289,E00184889,6B2,E10000014,"473721","1",E18000009,E07000089,"0150120",E05009360,E04004549,E65000001,RG291PS,RG29 1PS,RG29 1PS,E14001392,E23000030,E12000008,E1,RSN1,E38000253,E30000164,"0",E33042285
"1307818",E630,E35999999,E56000016,E58000580,E92000001,"199507",,E54000042,"31785",E07000089,51.2447280883789,E37000046,,-0.945522010326385,E01032856,E01032856,E02004761,E02004761,E40000005,E00116289,E00184921,6B2,E10000014,"473699","1",E18000009,E07000089,"0150034",E05009360,E04004549,E65000001,RG291PT,RG29 1PT,RG29 1PT,E14001392,E23000030,E12000008,E1,RSN1,E38000253,E30000164,"0",E33042285
"1307819",E630,E35999999,E56000016,E58000580,E92000001,"199507",,E54000042,"31785",E07000089,51.2449645996094,E37000046,,-0.942607998847961,E01032856,E01032856,E02004761,E02004761,E40000005,E00116289,E00184889,6B2,E10000014,"473902","1",E18000009,E07000089,"0150063",E05009360,E04004549,E65000001,RG291PU,RG29 1PU,RG29 1PU,E14001392,E23000030,E12000008,E1,RSN1,E38000253,E30000164,"0",E33042285
"1307820",E630,E35999999,E56000016,E58000580,E92000001,"199507",,E54000042,"31785",E07000089,51.2455024719238,E37000046,,-0.943799018859863,E01032856,E01032856,E02004761,E02004761,E40000005,E00116289,E00184889,6B2,E10000014,"473818","1",E18000009,E07000089,"0150122",E05009360,E04004549,E65000001,RG291PW,RG29 1PW,RG29 1PW,E14001392,E23000030,E12000008,E1,RSN1,E38000253,E30000164,"0",E33042285
"1307821",E630,E35999999,E56000016,E58000580,E92000001,"199507",,E54000042,"31785",E07000089,51.2444953918457,E37000046,,-0.940541982650757,E01032856,E01032856,E02004761,E02004761,E40000005,E00116289,E00184921,6B2,E10000014,"474047","1",E18000009,E07000089,"0150013",E05009360,E04004549,E65000001,RG291PX,RG29 1PX,RG29 1PX,E14001392,E23000030,E12000008,E1,RSN1,E38000253,E30000164,"0",E33042285
"1307822",E630,E35999999,E56000016,E58000580,E92000001,"199507",,E54000042,"31785",E07000089,51.244270324707,E37000046,,-0.94174998998642,E01032856,E01032856,E02004761,E02004761,E40000005,E00116289,E00184921,6B2,E10000014,"473963","1",E18000009,E07000089,"0149987",E05009360,E04004549,E65000001,RG291PY,RG29 1PY,RG29 1PY,E14001392,E23000030,E12000008,E1,RSN1,E38000253,E30000164,"0",E33042285
"1307823",E630,E35999999,E56000016,E58000580,E92000001,"199507",,E54000042,"31785",E07000089,51.2442436218262,E37000046,,-0.945461988449097,E01032856,E01032856,E02004761,E02004761,E40000005,E00116289,E00184921,6B2,E10000014,"473704","1",E18000009,E07000089,"0149980",E05009360,E04004549,E65000001,RG291PZ,RG29 1PZ,RG29 1PZ,E14001392,E23000030,E12000008,E1,RSN1,E38000253,E30000164,"0",E33042285
"1307824",E630,E35999999,E56000016,E58000580,E92000001,"199507",,E54000042,"31785",E07000089,51.2435111999512,E37000046,,-0.94725501537323,E01032856,E01032856,E02004761,E02004761,E40000005,E00116289,E00184889,6B2,E10000014,"473580","1",E18000009,E07000089,"0149897",E05009360,E04004549,E65000001,RG291QA,RG29 1QA,RG29 1QA,E14001392,E23000030,E12000008,E1,RSN1,E38000253,E30000164,"0",E33042285
"1307825",E630,E35999999,E56000016,E58000580,E92000001,"199507",,E54000042,"31785",E07000089,51.2439193725586,E37000046,,-0.946515023708344,E01032856,E01032856,E02004761,E02004761,E40000005,E00116289,E00184889,6B2,E10000014,"473631","1",E18000009,E07000089,"0149943",E05009360,E04004549,E65000001,RG291QB,RG29 1QB,RG29 1QB,E14001392,E23000030,E12000008,E1,RSN1,E38000253,E30000164,"0",E33042285
"1307826",E630,E35999999,E56000016,E58000580,E92000001,"199507",,E54000042,"31785",E07000089,51.243408203125,E37000046,,-0.947744011878967,E01032856,E01032856,E02004761,E02004761,E40000005,E00167926,E00167926,5A1,E10000014,"473546","1",E18000009,E07000089,"0149885",E05009360,E04004549,E65000001,RG291QD,RG29 1QD,RG29 1QD,E14001392,E23000030,E12000008,E1,RSN1,E38000253,E30000164,"0",E33042285
"1307827",E630,E35999999,E56000016,E58000580,E92000001,"199507",,E54000042,"31785",E07000089,51.2430725097656,E37000046,,-0.949541985988617,E01032856,E01032856,E02004761,E02004761,E40000005,E00167926,E00167926,5A1,E10000014,"473421","1",E18000009,E07000089,"0149846",E05009360,E04004549,E65000001,RG291QE,RG29 1QE,RG29 1QE,E14001392,E23000030,E12000008,E1,RSN1,E38000253,E30000164,"0",E33042285
"1307828",E630,E35999999,E56000016,E58000580,E92000001,"199507",,E54000042,"31785",E07000089,51.242862701416,E37000046,,-0.949145972728729,E01032856,E01032856,E02004761,E02004761,E40000005,E00167926,E00167926,5A1,E10000014,"473449","1",E18000009,E07000089,"0149823",E05009360,E04004549,E65000001,RG291QF,RG29 1QF,RG29 1QF,E14001392,E23000030,E12000008,E1,RSN1,E38000253,E30000164,"0",E33042285
"1307829",E630,E35999999,E56000016,E58000580,E92000001,"199507",,E54000042,"31785",E07000089,51.2421798706055,E37000046,,-0.946897983551025,E01032856,E01032856,E02004761,E02004761,E40000005,E00167927,E00167927,5A3,E10000014,"473607","1",E18000009,E07000089,"0149749",E05009360,E04004549,E65000001,RG291QG,RG29 1QG,RG29 1QG,E14001392,E23000030,E12000008,E1,RSN1,E38000253,E30000164,"0",E33039564
"1307830",E630,E35999999,E56000016,E58000580,E92000001,"199507",,E54000042,"31785",E07000089,51.2437171936035,E37000046,,-0.949971973896027,E01032856,E01032856,E02004761,E02004761,E40000005,E00167926,E00167926,5A1,E10000014,"473390","1",E18000009,E07000089,"0149917",E05009360,E04004549,E65000001,RG291QH,RG29 1QH,RG29 1QH,E14001392,E23000030,E12000008,E1,RSN1,E38000253,E30000164,"0",E33042285
"1307831",E630,E35999999,E56000016,E58000580,E92000001,"199507",,E54000042,"31785",E07000089,51.2416191101074,E37000046,,-0.951810002326965,E01032856,E01032856,E02004761,E02004761,E40000005,E00116291,E00116291,5A1,E10000014,"473265","1",E18000009,E07000089,"0149682",E05009360,E04004549,E65000001,RG291QJ,RG29 1QJ,RG29 1QJ,E14001392,E23000030,E12000008,E1,RSN1,E38000253,E30000164,"0",E33042285
"1307832",E630,E35999999,E56000016,E58000580,E92000001,"199507",,E54000042,"31785",E07000089,51.2402458190918,E37000046,,-0.953230977058411,E01032856,E01032856,E02004761,E02004761,E40000005,E00116291,E00116291,5A1,E10000014,"473168","1",E18000009,E07000089,"0149528",E05009360,E04004549,E65000001,RG291QL,RG29 1QL,RG29 1QL,E14001392,E23000030,E12000008,E1,RSN1,E38000253,E30000164,"0",E33042285
"1307833",E630,E35999999,E56000016,E58000580,E92000001,"199507",,E54000042,"31785",E07000089,51.2405319213867,E37000046,,-0.954026997089386,E01032856,E01032856,E02004761,E02004761,E40000005,E00116291,E00116291,5A1,E10000014,"473112","1",E18000009,E07000089,"0149559",E05009360,E04004549,E65000001,RG291QN,RG29 1QN,RG29 1QN,E14001392,E23000030,E12000008,E1,RSN1,E38000253,E30000164,"0",E33042285
"1307834",E630,E35999999,E56000016,E58000580,E92000001,"199507",,E54000042,"31785",E07000089,51.2410774230957,E37000046,,-0.953742027282715,E01032856,E01032856,E02004761,E02004761,E40000005,E00116291,E00116291,5A1,E10000014,"473131","1",E18000009,E07000089,"0149620",E05009360,E04004549,E65000001,RG291QP,RG29 1QP,RG29 1QP,E14001392,E23000030,E12000008,E1,RSN1,E38000253,E30000164,"0",E33042285
"1307835",E630,E35999999,E56000016,E58000580,E92000001,"199507",,E54000042,"31785",E07000089,51.2423286437988,E37000046,,-0.947726011276245,E01032856,E01032856,E02004761,E02004761,E40000005,E00167927,E00167927,5A3,E10000014,"473549","1",E18000009,E07000089,"0149765",E05009360,E04004549,E65000001,RG291QQ,RG29 1QQ,RG29 1QQ,E14001392,E23000030,E12000008,E1,RSN1,E38000253,E30000164,"0",E33039564
"1307836",E630,E35999999,E56000016,E58000580,E92000001,"199507",,E54000042,"31785",E07000089,51.2420883178711,E37000046,,-0.952759981155396,E01032856,E01032856,E02004761,E02004761,E40000005,E00116291,E00116291,5A1,E10000014,"473198","1",E18000009,E07000089,"0149733",E05009360,E04004549,E65000001,RG291QR,RG29 1QR,RG29 1QR,E14001392,E23000030,E12000008,E1,RSN1,E38000253,E30000164,"0",E33042285
"1307837",E630,E35999999,E56000016,E58000580,E92000001,"199507",,E54000042,"31785",E07000089,51.2417106628418,E37000046,,-0.952867984771729,E01032856,E01032856,E02004761,E02004761,E40000005,E00116291,E00116291,5A1,E10000014,"473191","1",E18000009,E07000089,"0149691",E05009360,E04004549,E65000001,RG291QS,RG29 1QS,RG29 1QS,E14001392,E23000030,E12000008,E1,RSN1,E38000253,E30000164,"0",E33042285
"1307838",E630,E35999999,E56000016,E58000580,E92000001,"199507",,E54000042,"31785",E07000089,51.2404556274414,E37000046,,-0.945190012454987,E01032856,E01032856,E02004761,E02004761,E40000005,E00167927,E00167927,5A3,E10000014,"473729","1",E18000009,E07000089,"0149559",E05009360,E04004549,E65000001,RG291QT,RG29 1QT,RG29 1QT,E14001392,E23000030,E12000008,E1,RSN1,E38000253,E30000164,"0",E33039564
"1307839",E630,E35999999,E56000016,E58000580,E92000001,"200406",,E54000042,"31785",E07000089,51.2402153015137,E37000046,,-0.9478600025177,E01032856,E01032856,E02004761,E02004761,E40000005,E00167927,E00167927,5A3,E10000014,"473543","1",E18000009,E07000089,"0149530",E05009360,E04004549,E65000001,RG291QU,RG29 1QU,RG29 1QU,E14001392,E23000030,E12000008,E1,RSN1,E38000253,E30000164,"1",E33039564
"1307840",E630,E35999999,E56000016,E58000580,E92000001,"199507",,E54000042,"31785",E07000089,51.2404708862305,E37000046,,-0.954917013645172,E01032856,E01032856,E02004761,E02004761,E40000005,E00116291,E00116291,5A1,E10000014,"473050","1",E18000009,E07000089,"0149551",E05009360,E04004549,E65000001,RG291QW,RG29 1QW,RG29 1QW,E14001392,E23000030,E12000008,E1,RSN1,E38000253,E30000164,"0",E33042285
"1307841",E630,E35999999,E56000016,E58000580,E92000001,"199507",,E54000042,"31252",E07000089,51.236629486084,E37000046,,-0.954702973365784,E01022888,E01022888,E02004761,E02004761,E40000005,E00116305,E00116305,1B2,E10000014,"473071","1",E18000009,E07000089,"0149124",E05009360,E04004549,E65000001,RG291QX,RG29 1QX,RG29 1QX,E14001392,E23000030,E12000008,E1,RSN1,E38000253,E30000164,"0",E33042285
"1307842",E630,E35999999,E56000016,E58000580,E92000001,"199507",,E54000042,"31252",E07000089,51.2412605285645,E37000046,,-0.955757975578308,E01022888,E01022888,E02004761,E02004761,E40000005,E00116305,E00116305,1B2,E10000014,"472990","1",E18000009,E07000089,"0149638",E05009360,E04004549,E65000001,RG291QY,RG29 1QY,RG29 1QY,E14001392,E23000030,E12000008,E1,RSN1,E38000253,E30000164,"0",E33042285
"1307843",E630,E35999999,E56000016,E58000580,E92000001,"200406",,E54000042,"31785",E07000089,51.2402153015137,E37000046,,-0.9478600025177,E01032856,E01032856,E02004761,E02004761,E40000005,E00167927,E00167927,5A3,E10000014,"473543","1",E18000009,E07000089,"0149530",E05009360,E04004549,E65000001,RG291QZ,RG29 1QZ,RG29 1QZ,E14001392,E23000030,E12000008,E1,RSN1,E38000253,E30000164,"1",E33039564
"1307844",,E35999999,E56000016,E58000580,E92000001,"199512",,E54000042,"25550",E07000089,51.2189598083496,E37000046,,-0.971297979354858,E01032855,E01032855,E02004761,E02004761,E40000005,E00116293,E00116293,1B2,E10000014,"471940","1",E18000009,E07000089,"0147143",E05009360,E04004551,E65000001,RG291RA,RG29 1RA,RG29 1RA,E14001392,E23000030,E12000008,F1,RSN1,E38000253,E30000164,"0",E33042288
"1307845",E630,E35999999,E56000016,E58000580,E92000001,"199507",,E54000042,"25550",E07000089,51.2211380004883,E37000046,,-0.965278029441833,E01032855,E01032855,E02004761,E02004761,E40000005,E00116294,E00116294,1B2,E10000014,"472357","1",E18000009,E07000089,"0147391",E05009360,E04004551,E65000001,RG291RB,RG29 1RB,RG29 1RB,E14001392,E23000030,E12000008,E1,RSN1,E38000253,E30000164,"0",E33042288
"1307846",E630,E35999999,E56000016,E58000580,E92000001,"199507",,E54000042,"25550",E07000089,51.2210578918457,E37000046,,-0.969290018081665,E01032855,E01032855,E02004761,E02004761,E40000005,E00116294,E00116294,1B2,E10000014,"472077","1",E18000009,E07000089,"0147378",E05009360,E04004551,E65000001,RG291RD,RG29 1RD,RG29 1RD,E14001392,E23000030,E12000008,E1,RSN1,E38000253,E30000164,"0",E33042288
"1307847",E630,E35999999,E56000016,E58000580,E92000001,"199507",,E54000042,"25550",E07000089,51.2242584228516,E37000046,,-0.967456996440887,E01032855,E01032855,E02004761,E02004761,E40000005,E00116294,E00116294,1B2,E10000014,"472200","1",E18000009,E07000089,"0147736",E05009360,E04004551,E65000001,RG291RE,RG29 1RE,RG29 1RE,E14001392,E23000030,E12000008,E1,RSN1,E38000253,E30000164,"0",E33042288
"1307848",E630,E35999999,E56000016,E58000580,E92000001,"199507",,E54000042,"25550",E07000089,51.2229995727539,E37000046,,-0.967198014259338,E01032855,E01032855,E02004761,E02004761,E40000005,E00116294,E00116294,1B2,E10000014,"472220","1",E18000009,E07000089,"0147596",E05009360,E04004551,E65000001,RG291RF,RG29 1RF,RG29 1RF,E14001392,E23000030,E12000008,E1,RSN1,E38000253,E30000164,"0",E33042288
"1307849",E630,E35999999,E56000016,E58000580,E92000001,"199507",,E54000042,"25550",E07000089,51.2224159240723,E37000046,,-0.976518988609314,E01032855,E01032855,E02004761,E02004761,E40000005,E00116294,E00116294,1B2,E10000014,"471570","1",E18000009,E07000089,"0147522",E05009360,E04004551,E65000001,RG291RG,RG29 1RG,RG29 1RG,E14001392,E23000030,E12000008,E1,RSN1,E38000253,E30000164,"0",E33042288
"1307850",E630,E35999999,E56000016,E58000580,E92000001,"199507",,E54000042,"25550",E07000089,51.2225189208984,E37000046,,-0.967839002609253,E01032855,E01032855,E02004761,E02004761,E40000005,E00116292,E00116292,6B4,E10000014,"472176","1",E18000009,E07000089,"0147542",E05009360,E04004551,E65000001,RG291RH,RG29 1RH,RG29 1RH,E14001392,E23000030,E12000008,E1,RSN1,E38000253,E30000164,"0",E33042288
"1307851",E630,E35999999,E56000016,E58000580,E92000001,"199507",,E54000042,"25550",E07000089,51.2228393554688,E37000046,,-0.969678997993469,E01032855,E01032855,E02004761,E02004761,E40000005,E00116294,E00116294,1B2,E10000014,"472047","1",E18000009,E07000089,"0147576",E05009360,E04004551,E65000001,RG291RJ,RG29 1RJ,RG29 1RJ,E14001392,E23000030,E12000008,E1,RSN1,E38000253,E30000164,"0",E33042288
"1307852",E630,E35999999,E56000016,E58000580,E92000001,"199507",,E54000042,"25550",E07000089,51.223518371582,E37000046,,-0.968132019042969,E01032855,E01032855,E02004761,E02004761,E40000005,E00116292,E00116292,6B4,E10000014,"472154","1",E18000009,E07000089,"0147653",E05009360,E04004551,E65000001,RG291RL,RG29 1RL,RG29 1RL,E14001392,E23000030,E12000008,E1,RSN1,E38000253,E30000164,"0",E33042288
"1307853",E630,E35999999,E56000016,E58000580,E92000001,"199507",,E54000042,"25550",E07000089,51.2224731445312,E37000046,,-0.965735018253326,E01032855,E01032855,E02004761,E02004761,E40000005,E00116294,E00116294,1B2,E10000014,"472323","1",E18000009,E07000089,"0147539",E05009360,E04004551,E65000001,RG291RP,RG29 1RP,RG29 1RP,E14001392,E23000030,E12000008,E1,RSN1,E38000253,E30000164,"0",E33042288
"1307854",E630,E35999999,E56000016,E58000580,E92000001,"199507",,E54000042,"25550",E07000089,51.2219429016113,E37000046,,-0.971947014331818,E01032855,E01032855,E02004761,E02004761,E40000005,E00116294,E00116294,1B2,E10000014,"471890","1",E18000009,E07000089,"0147474",E05009360,E04004551,E65000001,RG291RQ,RG29 1RQ,RG29 1RQ,E14001392,E23000030,E12000008,E1,RSN1,E38000253,E30000164,"0",E33042288
"1307855",E630,E35999999,E56000016,E58000580,E92000001,"199507",,E54000042,"25550",E07000089,51.2193260192871,E37000046,,-0.966893970966339,E01032855,E01032855,E02004761,E02004761,E40000005,E00116294,E00116294,1B2,E10000014,"472247","1",E18000009,E07000089,"0147188",E05009360,E04004551,E65000001,RG291RR,RG29 1RR,RG29 1RR,E14001392,E23000030,E12000008,E1,RSN1,E38000253,E30000164,"0",E33042288
"1307856",E630,E35999999,E56000016,E58000580,E92000001,"199507",,E54000042,"25550",E07000089,51.2203941345215,E37000046,,-0.968832015991211,E01032855,E01032855,E02004761,E02004761,E40000005,E00116292,E00116292,6B4,E10000014,"472110","1",E18000009,E07000089,"0147305",E05009360,E04004551,E65000001,RG291RS,RG29 1RS,RG29 1RS,E14001392,E23000030,E12000008,E1,RSN1,E38000253,E30000164,"0",E33042288
"1307857",,E35999999,E56000016,E58000580,E92000001,"199507",,E54000042,"25550",E07000089,51.218074798584,E37000046,,-0.971889972686768,E01032855,E01032855,E02004761,E02004761,E40000005,E00116293,E00116293,1B2,E10000014,"471900","1",E18000009,E07000089,"0147044",E05009360,E04004551,E65000001,RG291RT,RG29 1RT,RG29 1RT,E14001392,E23000030,E12000008,F1,RSN1,E38000253,E30000164,"0",E33042288
"1307858",,E35999999,E56000016,E58000580,E92000001,"199507",,E54000042,"25550",E07000089,51.2052879333496,E37000046,,-0.973964989185333,E01032855,E01032855,E02004761,E02004761,E40000005,E00116293,E00116293,1B2,E10000014,"471775","1",E18000009,E07000089,"0145620",E05009360,E04004551,E65000001,RG291RU,RG29 1RU,RG29 1RU,E14001392,E23000030,E12000008,F1,RSN1,E38000253,E30000164,"0",E33042288
"1307859",E630,E35999999,E56000016,E58000580,E92000001,"199507",,E54000042,"25550",E07000089,51.22119140625,E37000046,,-0.968255996704102,E01032855,E01032855,E02004761,E02004761,E40000005,E00116292,E00116292,6B4,E10000014,"472149","1",E18000009,E07000089,"0147394",E05009360,E04004551,E65000001,RG291RW,RG29 1RW,RG29 1RW,E14001392,E23000030,E12000008,E1,RSN1,E38000253,E30000164,"0",E33042288
"1307860",,E35999999,E56000016,E58000580,E92000001,"199507",,E54000042,"25550",E07000089,51.2026824951172,E37000046,,-0.981307983398438,E01032855,E01032855,E02004761,E02004761,E40000005,E00116293,E00116293,1B2,E10000014,"471266","1",E18000009,E07000089,"0145323",E05009360,E04004551,E65000001,RG291RX,RG29 1RX,RG29 1RX,E14001392,E23000030,E12000008,F1,RSN1,E38000253,E30000164,"0",E33042288
"1307862",,E35999999,E56000016,E58000580,E92000001,"199507",,E54000042,"25550",E07000089,51.1997756958008,E37000046,,-0.980212986469269,E01032855,E01032855,E02004761,E02004761,E40000005,E00116293,E00116293,1B2,E10000014,"471347","1",E18000009,E07000089,"0145001",E05009360,E04004551,E65000001,RG291RZ,RG29 1RZ,RG29 1RZ,E14001392,E23000030,E12000008,F1,RSN1,E38000253,E30000164,"0",E33042288
"1307863",,E35999999,E56000016,E58000580,E92000001,"199507",,E54000042,"25550",E07000089,51.1959228515625,E37000046,,-0.97036600112915,E01032855,E01032855,E02004761,E02004761,E40000005,E00116293,E00116293,1B2,E10000014,"472041","1",E18000009,E07000089,"0144582",E05009360,E04004551,E65000001,RG291SA,RG29 1SA,RG29 1SA,E14001392,E23000030,E12000008,F1,RSN1,E38000253,E30000164,"0",E33042288
"1307864",,E35999999,E56000016,E58000580,E92000001,"199507",,E54000042,"25550",E07000089,51.1919441223145,E37000046,,-0.971027016639709,E01032855,E01032855,E02004761,E02004761,E40000005,E00116293,E00116293,1B2,E10000014,"472001","1",E18000009,E07000089,"0144139",E05009360,E04004551,E65000001,RG291SB,RG29 1SB,RG29 1SB,E14001392,E23000030,E12000008,F1,RSN1,E38000253,E30000164,"0",E33042288
"1307865",,E35999999,E56000016,E58000580,E92000001,"199507",,E54000042,"25550",E07000089,51.1986312866211,E37000046,,-0.969389975070953,E01032855,E01032855,E02004761,E02004761,E40000005,E00116293,E00116293,1B2,E10000014,"472105","1",E18000009,E07000089,"0144884",E05009360,E04004551,E65000001,RG291SD,RG29 1SD,RG29 1SD,E14001392,E23000030,E12000008,F1,RSN1,E38000253,E30000164,"0",E33042288
"1307866",E630,E35999999,E56000016,E58000580,E92000001,"199507",,E54000042,"25550",E07000089,51.2207107543945,E37000046,,-0.966906011104584,E01032855,E01032855,E02004761,E02004761,E40000005,E00116292,E00116292,6B4,E10000014,"472244","1",E18000009,E07000089,"0147342",E05009360,E04004551,E65000001,RG291SE,RG29 1SE,RG29 1SE,E14001392,E23000030,E12000008,E1,RSN1,E38000253,E30000164,"0",E33042288
"1307867",E630,E35999999,E56000016,E58000580,E92000001,"199507",,E54000042,"25550",E07000089,51.220760345459,E37000046,,-0.966360986232758,E01032855,E01032855,E02004761,E02004761,E40000005,E00116292,E00116292,6B4,E10000014,"472282","1",E18000009,E07000089,"0147348",E05009360,E04004551,E65000001,RG291SF,RG29 1SF,RG29 1SF,E14001392,E23000030,E12000008,E1,RSN1,E38000253,E30000164,"0",E33042288
"1307868",E630,E35999999,E56000016,E58000580,E92000001,"199507",,E54000042,"25550",E07000089,51.2199554443359,E37000046,,-0.965991973876953,E01032855,E01032855,E02004761,E02004761,E40000005,E00116294,E00116294,1B2,E10000014,"472309","1",E18000009,E07000089,"0147259",E05009360,E04004551,E65000001,RG291SG,RG29 1SG,RG29 1SG,E14001392,E23000030,E12000008,E1,RSN1,E38000253,E30000164,"0",E33042288
"1307869",,E35999999,E56000016,E58000580,E92000001,"199507",,E54000042,"25550",E07000089,51.2099876403809,E37000046,,-0.956179976463318,E01032855,E01032855,E02004761,E02004761,E40000005,E00116293,E00116293,1B2,E10000014,"473010","1",E18000009,E07000089,"0146160",E05009360,E04004551,E65000001,RG291SH,RG29 1SH,RG29 1SH,E14001392,E23000030,E12000008,F1,RSN1,E38000253,E30000164,"0",E33042288
"1307870",,E35999999,E56000016,E58000580,E92000001,"199507",,E54000042,"25550",E07000089,51.2081985473633,E37000046,,-0.940043985843658,E01032855,E01032855,E02004761,E02004761,E40000005,E00167922,E00167922,5B2,E10000014,"474140","1",E18000009,E07000089,"0145977",E05009360,E04004547,E65000001,RG291SJ,RG29 1SJ,RG29 1SJ,E14001392,E23000030,E12000008,E1,RSN1,E38000253,E30000164,"0",E33042284
"1307871",E630,E35999999,E56000016,E58000580,E92000001,"199507",,E54000042,"25550",E07000089,51.2103080749512,E37000046,,-0.93290901184082,E01032855,E01032855,E02004761,E02004761,E40000005,E00167922,E00167922,5B2,E10000014,"474635","1",E18000009,E07000089,"0146219",E05009360,E04004547,E65000001,RG291SL,RG29 1SL,RG29 1SL,E14001392,E23000030,E12000008,E1,RSN1,E38000253,E30000164,"1",E33042284
"1307872",E630,E35999999,E56000016,E58000580,E92000001,"199507",,E54000042,"25550",E07000089,51.2106056213379,E37000046,,-0.932816982269287,E01032855,E01032855,E02004761,E02004761,E40000005,E00167922,E00167922,5B2,E10000014,"474641","1",E18000009,E07000089,"0146252",E05009360,E04004547,E65000001,RG291SN,RG29 1SN,RG29 1SN,E14001392,E23000030,E12000008,E1,RSN1,E38000253,E30000164,"0",E33042284
"1307873",,E35999999,E56000016,E58000580,E92000001,"199507",,E54000042,"25550",E07000089,51.2141456604004,E37000046,,-0.937631011009216,E01032855,E01032855,E02004761,E02004761,E40000005,E00167922,E00167922,5B2,E10000014,"474299","1",E18000009,E07000089,"0146641",E05009360,E04004547,E65000001,RG291SP,RG29 1SP,RG29 1SP,E14001392,E23000030,E12000008,E1,RSN1,E38000253,E30000164,"0",E33042284
"1307874",,E35999999,E56000016,E58000580,E92000001,"199507",,E54000042,"25550",E07000089,51.2181510925293,E37000046,,-0.963011026382446,E01032855,E01032855,E02004761,E02004761,E40000005,E00116293,E00116293,1B2,E10000014,"472520","1",E18000009,E07000089,"0147061",E05009360,E04004551,E65000001,RG291SQ,RG29 1SQ,RG29 1SQ,E14001392,E23000030,E12000008,F1,RSN1,E38000253,E30000164,"0",E33042288
"1307875",E630,E35999999,E56000016,E58000580,E92000001,"199507",,E54000042,"31785",E07000089,51.2200469970703,E37000046,,-0.939929008483887,E01032856,E01032856,E02004761,E02004761,E40000005,E00167925,E00167925,1B2,E10000014,"474129","1",E18000009,E07000089,"0147295",E05009360,E04004547,E65000001,RG291SR,RG29 1SR,RG29 1SR,E14001392,E23000030,E12000008,E1,RSN1,E38000253,E30000164,"0",E33042284
"1307876",E630,E35999999,E56000016,E58000580,E92000001,"199507",,E54000042,"31785",E07000089,51.2205352783203,E37000046,,-0.942968010902405,E01032856,E01032856,E02004761,E02004761,E40000005,E00167925,E00167925,1B2,E10000014,"473916","1",E18000009,E07000089,"0147346",E05009360,E04004547,E65000001,RG291SS,RG29 1SS,RG29 1SS,E14001392,E23000030,E12000008,E1,RSN1,E38000253,E30000164,"0",E33042284
"1307877",E630,E35999999,E56000016,E58000580,E92000001,"199507",,E54000042,"31785",E07000089,51.2208213806152,E37000046,,-0.944737017154694,E01032856,E01032856,E02004761,E02004761,E40000005,E00167925,E00167925,1B2,E10000014,"473792","1",E18000009,E07000089,"0147376",E05009360,E04004547,E65000001,RG291ST,RG29 1ST,RG29 1ST,E14001392,E23000030,E12000008,E1,RSN1,E38000253,E30000164,"0",E33042284
"1307878",E630,E35999999,E56000016,E58000580,E92000001,"199507",,E54000042,"31785",E07000089,51.2230529785156,E37000046,,-0.943167984485626,E01032856,E01032856,E02004761,E02004761,E40000005,E00167925,E00167925,1B2,E10000014,"473898","1",E18000009,E07000089,"0147626",E05009360,E04004547,E65000001,RG291SU,RG29 1SU,RG29 1SU,E14001392,E23000030,E12000008,E1,RSN1,E38000253,E30000164,"0",E33042284
"1307879",,E35999999,E56000016,E58000580,E92000001,"199507",,E54000042,"25550",E07000089,51.2158546447754,E37000046,,-0.939481973648071,E01032855,E01032855,E02004761,E02004761,E40000005,E00167922,E00167922,5B2,E10000014,"474167","1",E18000009,E07000089,"0146829",E05009360,E04004547,E65000001,RG291SW,RG29 1SW,RG29 1SW,E14001392,E23000030,E12000008,E1,RSN1,E38000253,E30000164,"1",E33042284
"1307880",E630,E35999999,E56000016,E58000580,E92000001,"199507",,E54000042,"31785",E07000089,51.2190093994141,E37000046,,-0.945551991462708,E01032856,E01032856,E02004761,E02004761,E40000005,E00167925,E00167925,1B2,E10000014,"473738","1",E18000009,E07000089,"0147174",E05009360,E04004547,E65000001,RG291SX,RG29 1SX,RG29 1SX,E14001392,E23000030,E12000008,E1,RSN1,E38000253,E30000164,"0",E33042284
"1307881",E630,E35999999,E56000016,E58000580,E92000001,"199507",,E54000042,"25550",E07000089,51.2172584533691,E37000046,,-0.944832980632782,E01032855,E01032855,E02004761,E02004761,E40000005,E00167922,E00167922,5B2,E10000014,"473791","1",E18000009,E07000089,"0146980",E05009360,E04004547,E65000001,RG291SY,RG29 1SY,RG29 1SY,E14001392,E23000030,E12000008,E1,RSN1,E38000253,E30000164,"0",E33042284
"1307882",E630,E35999999,E56000016,E58000580,E92000001,"199507",,E54000042,"31785",E07000089,51.2192001342773,E37000046,,-0.942840993404388,E01032856,E01032856,E02004761,E02004761,E40000005,E00167925,E00167925,1B2,E10000014,"473927","1",E18000009,E07000089,"0147198",E05009360,E04004547,E65000001,RG291SZ,RG29 1SZ,RG29 1SZ,E14001392,E23000030,E12000008,E1,RSN1,E38000253,E30000164,"0",E33042284
"1307883",E630,E35999999,E56000016,E58000580,E92000001,"199507",,E54000042,"31785",E07000089,51.2179107666016,E37000046,,-0.930284976959229,E01032856,E01032856,E02004761,E02004761,E40000005,E00167925,E00167925,1B2,E10000014,"474806","1",E18000009,E07000089,"0147067",E05009360,E04004547,E65000001,RG291TA,RG29 1TA,RG29 1TA,E14001392,E23000030,E12000008,E1,RSN1,E38000253,E30000164,"0",E33042284
"1307884",E630,E35999999,E56000016,E58000580,E92000001,"199507",,E54000042,"25550",E07000089,51.2175827026367,E37000046,,-0.929849028587341,E01032855,E01032855,E02004761,E02004761,E40000005,E00167922,E00167922,5B2,E10000014,"474837","1",E18000009,E07000089,"0147031",E05009360,E04004547,E65000001,RG291TB,RG29 1TB,RG29 1TB,E14001392,E23000030,E12000008,E1,RSN1,E38000253,E30000164,"1",E33042284
"1307885",E630,E35999999,E56000016,E58000580,E92000001,"199507",,E54000042,"25550",E07000089,51.2175827026367,E37000046,,-0.929849028587341,E01032855,E01032855,E02004761,E02004761,E40000005,E00167922,E00167922,5B2,E10000014,"474837","1",E18000009,E07000089,"0147031",E05009360,E04004547,E65000001,RG291TD,RG29 1TD,RG29 1TD,E14001392,E23000030,E12000008,E1,RSN1,E38000253,E30000164,"1",E33042284
"1307886",E630,E35999999,E56000016,E58000580,E92000001,"199507",,E54000042,"25550",E07000089,51.2170867919922,E37000046,,-0.928915023803711,E01032855,E01032855,E02004761,E02004761,E40000005,E00167922,E00167922,5B2,E10000014,"474903","1",E18000009,E07000089,"0146977",E05009360,E04004547,E65000001,RG291TE,RG29 1TE,RG29 1TE,E14001392,E23000030,E12000008,E1,RSN1,E38000253,E30000164,"1",E33042284
"1307887",E630,E35999999,E56000016,E58000580,E92000001,"199507",,E54000042,"25550",E07000089,51.2175827026367,E37000046,,-0.929849028587341,E01032855,E01032855,E02004761,E02004761,E40000005,E00167922,E00167922,5B2,E10000014,"474837","1",E18000009,E07000089,"0147031",E05009360,E04004547,E65000001,RG291TF,RG29 1TF,RG29 1TF,E14001392,E23000030,E12000008,E1,RSN1,E38000253,E30000164,"1",E33042284
"1307888",E630,E35999999,E56000016,E58000580,E92000001,"199507",,E54000042,"25550",E07000089,51.2155685424805,E37000046,,-0.929180026054382,E01032855,E01032855,E02004761,E02004761,E40000005,E00167922,E00167922,5B2,E10000014,"474887","1",E18000009,E07000089,"0146808",E05009360,E04004547,E65000001,RG291TG,RG29 1TG,RG29 1TG,E14001392,E23000030,E12000008,E1,RSN1,E38000253,E30000164,"0",E33042284
"1307889",,E35999999,E56000016,E58000580,E92000001,"199507",,E54000042,"31785",E07000089,51.2151832580566,E37000046,,-0.915428996086121,E01032856,E01032856,E02004761,E02004761,E40000005,E00167925,E00167925,1B2,E10000014,"475848","1",E18000009,E07000089,"0146779",E05009360,E04004547,E65000001,RG291TH,RG29 1TH,RG29 1TH,E14001392,E23000030,E12000008,E1,RSN1,E38000253,E30000164,"0",E33042284
"1307890",E630,E35000626,E56000016,E58000580,E92000001,"199507",,E54000042,"23739",E07000089,51.2536506652832,E37000046,,-0.947811007499695,E01022889,E01022889,E02004761,E02004761,E40000005,E00116303,E00116303,5B1,E10000014,"473525","1",E18000009,E07000089,"0151024",E05009360,E04004549,E65000001,RG291TJ,RG29 1TJ,RG29 1TJ,E14001392,E23000030,E12000008,D1,RLN1,E38000253,E30000164,"0",E33042289
"1307891",,E35999999,E56000016,E58000580,E92000001,"199507",,E54000042,"31785",E07000089,51.2157707214355,E37000046,,-0.909087002277374,E01032856,E01032856,E02004761,E02004761,E40000005,E00167925,E00167925,1B2,E10000014,"476290","1",E18000009,E07000089,"0146851",E05009360,E04004547,E65000001,RG291TL,RG29 1TL,RG29 1TL,E14001392,E23000030,E12000008,E1,RSN1,E38000253,E30000164,"0",E33042284
"1307892",E630,E35999999,E56000016,E58000580,E92000001,"199507",,E54000042,"25550",E07000089,51.2202606201172,E37000046,,-0.966916024684906,E01032855,E01032855,E02004761,E02004761,E40000005,E00116292,E00116292,6B4,E10000014,"472244","1",E18000009,E07000089,"0147292",E05009360,E04004551,E65000001,RG291TN,RG29 1TN,RG29 1TN,E14001392,E23000030,E12000008,E1,RSN1,E38000253,E30000164,"0",E33042288
"1307894",E630,E35999999,E56000016,E58000580,E92000001,"199507",,E54000042,"31785",E07000089,51.2172966003418,E37000046,,-0.925330996513367,E01032856,E01032856,E02004761,E02004761,E40000005,E00167925,E00167925,1B2,E10000014,"475153","1",E18000009,E07000089,"0147004",E05009360,E04004547,E65000001,RG291TQ,RG29 1TQ,RG29 1TQ,E14001392,E23000030,E12000008,E1,RSN1,E38000253,E30000164,"0",E33042284
"1307895",E630,E35999999,E56000016,E58000580,E92000001,"199507",,E54000042,"25550",E07000089,51.2232856750488,E37000046,,-0.971329987049103,E01032855,E01032855,E02004761,E02004761,E40000005,E00116294,E00116294,1B2,E10000014,"471931","1",E18000009,E07000089,"0147624",E05009360,E04004551,E65000001,RG291TR,RG29 1TR,RG29 1TR,E14001392,E23000030,E12000008,E1,RSN1,E38000253,E30000164,"0",E33042288
"1307896",E630,E35999999,E56000016,E58000580,E92000001,"199507",,E54000042,"31785",E07000089,51.2223510742188,E37000046,,-0.943170011043549,E01032856,E01032856,E02004761,E02004761,E40000005,E00167925,E00167925,1B2,E10000014,"473899","1",E18000009,E07000089,"0147548",E05009360,E04004547,E65000001,RG291TS,RG29 1TS,RG29 1TS,E14001392,E23000030,E12000008,E1,RSN1,E38000253,E30000164,"0",E33042284
"1307897",E630,E35000626,E56000016,E58000580,E92000001,"200407",,E54000042,"23739",E07000089,51.2538795471191,E37000046,,-0.946301996707916,E01022889,E01022889,E02004761,E02004761,E40000005,E00116303,E00116303,5B1,E10000014,"473630","1",E18000009,E07000089,"0151051",E05009360,E04004549,E65000001,RG291TT,RG29 1TT,RG29 1TT,E14001392,E23000030,E12000008,D1,RLN1,E38000253,E30000164,"0",E33042289
"1307898",E630,E35000626,E56000016,E58000580,E92000001,"200411",,E54000042,"23739",E07000089,51.2539863586426,E37000046,,-0.94598400592804,E01022889,E01022889,E02004761,E02004761,E40000005,E00116303,E00116303,5B1,E10000014,"473652","1",E18000009,E07000089,"0151063",E05009360,E04004549,E65000001,RG291TU,RG29 1TU,RG29 1TU,E14001392,E23000030,E12000008,D1,RLN1,E38000253,E30000164,"0",E33042289
"1307899",E630,E35999999,E56000016,E58000580,E92000001,"200703",,E54000042,"25550",E07000089,51.2237167358398,E37000046,,-0.967024981975555,E01032855,E01032855,E02004761,E02004761,E40000005,E00116294,E00116294,1B2,E10000014,"472231","1",E18000009,E07000089,"0147676",E05009360,E04004551,E65000001,RG291TW,RG29 1TW,RG29 1TW,E14001392,E23000030,E12000008,E1,RSN1,E38000253,E30000164,"0",E33042288
"1307900",E630,E35000626,E56000016,E58000580,E92000001,"199806",,E54000042,"23739",E07000089,51.2528038024902,E37000046,,-0.948705017566681,E01022889,E01022889,E02004761,E02004761,E40000005,E00116303,E00116303,5B1,E10000014,"473464","1",E18000009,E07000089,"0150929",E05009360,E04004549,E65000001,RG291TZ,RG29 1TZ,RG29 1TZ,E14001392,E23000030,E12000008,D1,RLN1,E38000253,E30000164,"0",E33042289
"1307901",E630,E35999999,E56000016,E58000580,E92000001,"199906",,E54000042,"25550",E07000089,51.2170829772949,E37000046,,-0.94624000787735,E01032855,E01032855,E02004761,E02004761,E40000005,E00167922,E00167922,5B2,E10000014,"473693","1",E18000009,E07000089,"0146959",E05009360,E04004547,E65000001,RG291UD,RG29 1UD,RG29 1UD,E14001392,E23000030,E12000008,E1,RSN1,E38000253,E30000164,"0",E33042284
"1307902",,E35999999,E56000016,E58000580,E92000001,"201610",,E54000042,"25550",E07000089,51.2084045410156,E37000046,,-0.936116993427277,E01032855,E01032855,E02004761,E02004761,E40000005,E00167922,E00167922,5B2,E10000014,"474414","1",E18000009,E07000089,"0146004",E05009360,E04004547,E65000001,RG291UG,RG29 1UG,RG29 1UG,E14001392,E23000030,E12000008,E1,RSN1,E38000253,E30000164,"0",E33042284
